0 0 0.976009
0 1 -0.333894
0 2 -0.274371
0 3 -0.234548
0 4 0
0 5 0
0 6 0
0 7 0
0 8 0
0 9 -0.133196
0 10 0
0 11 0
0 12 0
0 13 0
0 14 0
0 15 0
0 16 0
0 17 0
0 18 0
0 19 0
0 20 0
0 21 0
0 22 0
0 23 0
0 24 0
0 25 0
0 26 0
0 27 0
0 28 0
0 29 0
0 30 -0.0166057
0 31 0.0346608
0 32 -0.00451717
0 33 0.0142911
0 39 -0.027829
0 60 0.00192539
0 61 -0.0285985
0 62 0.0566117
0 63 -0.0367423
0 69 0.00680368
1 0 -0.191508
1 1 0.531139
1 2 -0.12053
1 3 -0.0380907
1 4 -0.0911736
1 5 0.0138983
1 6 -0.103735
1 7 0
1 8 0
1 9 0
1 10 0
1 11 0
1 12 0
1 13 0
1 14 0
1 15 0
1 16 0
1 17 0
1 18 0
1 19 0
1 20 0
1 21 0
1 22 0
1 23 0
1 24 0
1 25 0
1 26 0
1 27 0
1 28 0
1 29 0
1 30 -0.281286
1 31 -0.0207493
1 32 -0.0483963
1 33 -0.142251
1 34 0.0510012
1 35 0.191277
1 36 0.250405
1 60 0.0608339
1 61 -0.212351
1 62 0.0853031
1 63 0.069661
1 64 -0.00579545
1 65 0.0192412
1 66 -0.0168928
2 0 -0.162676
2 1 -0.0697563
2 2 0.279094
2 3 0
2 4 0
2 5 0
2 6 -0.230379
2 7 -0.0444692
2 8 0.0845537
2 9 0.143632
2 10 0
2 11 0
2 12 0
2 13 0
2 14 0
2 15 0
2 16 0
2 17 0
2 18 0
2 19 0
2 20 0
2 21 0
2 22 0
2 23 0
2 24 0
2 25 0
2 26 0
2 27 0
2 28 0
2 29 0
2 30 0.0998025
2 31 0.0902533
2 32 -0.0168946
2 36 -0.0304186
2 37 -0.0866512
2 38 -0.103639
2 39 0.0475474
2 60 -0.0825583
2 61 0.105509
2 62 -0.127394
2 66 0.13799
2 67 -0.0635734
2 68 0.149208
2 69 -0.119181
3 0 -0.103108
3 1 -0.205254
3 2 0
3 3 0.865563
3 4 -0.345257
3 5 0
3 6 0
3 7 0
3 8 0
3 9 -0.108059
3 10 0
3 11 0
3 12 0
3 13 0.00994943
3 14 0
3 15 0
3 16 -0.113835
3 17 0
3 18 0
3 19 0
3 20 0
3 21 0
3 22 0
3 23 0
3 24 0
3 25 0
3 26 0
3 27 0
3 28 0
3 29 0
3 30 -0.0549769
3 31 0.0114319
3 33 -0.00333033
3 34 0.0487743
3 39 -0.039706
3 43 -0.0388085
3 46 0.0766156
3 60 0.101355
3 61 -0.0125324
3 63 -0.049123
3 64 -0.126008
3 69 0.0701593
3 73 0.0965567
3 76 -0.0804081
4 0 0
4 1 0.0179757
4 2 0
4 3 -0.410972
4 4 0.681396
4 5 -0.267437
4 6 0
4 7 0
4 8 0
4 9 0
4 10 0
4 11 0
4 12 0
4 13 0
4 14 0
4 15 0
4 16 -0.0209623
4 17 0
4 18 0
4 19 0
4 20 0
4 21 0
4 22 0
4 23 0
4 24 0
4 25 0
4 26 0
4 27 0
4 28 0
4 29 0
4 31 -0.0329367
4 33 -0.143769
4 34 0.00900035
4 35 0.131324
4 46 0.0363821
4 61 0.16983
4 63 0.0902721
4 64 -0.177586
4 65 -0.171497
4 76 0.0889808
5 0 0
5 1 -0.238333
5 2 0
5 3 0
5 4 -0.367196
5 5 0.880219
5 6 -0.0767149
5 7 0
5 8 -0.080209
5 9 0
5 10 0
5 11 0
5 12 0
5 13 0
5 14 0.0342987
5 15 0
5 16 -0.152064
5 17 0
5 18 0
5 19 0
5 20 0
5 21 0
5 22 0
5 23 0
5 24 0
5 25 0
5 26 0
5 27 0
5 28 0
5 29 0
5 31 -0.0445029
5 34 -0.0385233
5 35 -0.00253254
5 36 0.0217553
5 38 0.0361787
5 44 0.0768244
5 46 -0.0491996
5 61 0.0320161
5 64 -0.0573716
5 65 -0.053245
5 66 0.0408833
5 68 0.00762987
5 74 -0.0070181
5 76 0.0371056
6 0 0
6 1 -0.283269
6 2 -0.311302
6 3 0
6 4 0
6 5 -0.213064
6 6 0.987817
6 7 0
6 8 -0.180182
6 9 0
6 10 0
6 11 0
6 12 0
6 13 0
6 14 0
6 15 0
6 16 0
6 17 0
6 18 0
6 19 0
6 20 0
6 21 0
6 22 0
6 23 0
6 24 0
6 25 0
6 26 0
6 27 0
6 28 0
6 29 0
6 31 -0.0102602
6 32 -0.0231357
6 35 0.010576
6 36 0.00362144
6 38 0.0191985
6 61 -0.0160355
6 62 -0.033541
6 65 0.0185183
6 66 -0.00230043
6 68 0.0333586
7 0 0
7 1 0
7 2 -0.226845
7 3 0
7 4 0
7 5 0
7 6 0
7 7 0.96625
7 8 -0.230824
7 9 -0.248066
7 10 -0.0913659
7 11 -0.0891611
7 12 -0.0799889
7 13 0
7 14 0
7 15 0
7 16 0
7 17 0
7 18 0
7 19 0
7 20 0
7 21 0
7 22 0
7 23 0
7 24 0
7 25 0
7 26 0
7 27 0
7 28 0
7 29 0
7 32 -0.0111302
7 37 -0.000706505
7 38 0.0244854
7 39 -0.0207143
7 40 0.00458703
7 41 -0.0218449
7 42 0.0253234
7 62 0.0240687
7 67 -0.00481046
7 68 -0.0328408
7 69 -0.00887371
7 70 0.0114076
7 71 0.0203446
7 72 -0.00929596
8 0 0
8 1 0
8 2 -0.104812
8 3 0
8 4 0
8 5 -0.279772
8 6 -0.203905
8 7 -0.156623
8 8 0.967006
8 9 0
8 10 0
8 11 0
8 12 -0.0766588
8 13 0
8 14 -0.145235
8 15 0
8 16 0
8 17 0
8 18 0
8 19 0
8 20 0
8 21 0
8 22 0
8 23 0
8 24 0
8 25 0
8 26 0
8 27 0
8 28 0
8 29 0
8 32 -0.0202806
8 35 -0.0117442
8 36 0.000338866
8 37 -0.0200457
8 38 0.00697768
8 42 0.0180682
8 44 0.0266858
8 62 0.046694
8 65 -0.0529456
8 66 -0.0257771
8 67 0.0254897
8 68 -0.0261037
8 72 0.0406779
8 74 -0.00803525
9 0 -0.226857
9 1 0
9 2 -0.0612364
9 3 -0.316132
9 4 0
9 5 0
9 6 0
9 7 -0.134786
9 8 0
9 9 0.943009
9 10 0
9 11 -0.0463569
9 12 0
9 13 -0.15764
9 14 0
9 15 0
9 16 0
9 17 0
9 18 0
9 19 0
9 20 0
9 21 0
9 22 0
9 23 0
9 24 0
9 25 0
9 26 0
9 27 0
9 28 0
9 29 0
9 30 -0.019947
9 32 -0.00269718
9 33 0.00556938
9 37 0.0268491
9 39 -0.012353
9 41 0.0143547
9 43 -0.0117761
9 60 0.00394211
9 62 0.0621087
9 63 -0.0658716
9 67 -0.0143818
9 69 -0.00986874
9 71 0.0201329
9 73 0.00393844
10 0 0
10 1 0
10 2 0
10 3 0
10 4 0
10 5 0
10 6 0
10 7 -0.309808
10 8 0
10 9 0
10 10 0.823165
10 11 -0.0847734
10 12 -0.147225
10 13 0
10 14 0
10 15 0
10 16 0
10 17 0
10 18 0
10 19 0
10 20 -0.281359
10 21 0
10 22 0
10 23 0
10 24 0
10 25 0
10 26 0
10 27 0
10 28 0
10 29 0
10 37 0.0165928
10 40 -0.0366632
10 41 0.163712
10 42 -0.128924
10 50 -0.0147167
10 67 -0.00481184
10 70 -0.0411439
10 71 -0.18125
10 72 0.258015
10 80 -0.0308092
11 0 0
11 1 0
11 2 0
11 3 0
11 4 0
11 5 0
11 6 0
11 7 -0.0385145
11 8 0
11 9 -0.0402897
11 10 -0.155433
11 11 0.952577
11 12 0
11 13 -0.189424
11 14 0
11 15 0
11 16 0
11 17 0
11 18 0
11 19 0
11 20 -0.25771
11 21 -0.271205
11 22 0
11 23 0
11 24 0
11 25 0
11 26 0
11 27 0
11 28 0
11 29 0
11 37 0.0085107
11 39 0.00621279
11 40 0.00190581
11 41 -0.00167728
11 43 -0.0050507
11 50 -0.00720744
11 51 -0.00269392
11 67 -0.000959264
11 69 0.00913385
11 70 -0.010112
11 71 0.0019231
11 73 0.00588128
11 80 -0.0166874
11 81 0.0108205
12 0 0
12 1 0
12 2 0
12 3 0
12 4 0
12 5 0
12 6 0
12 7 -0.046643
12 8 -0.0351776
12 9 0
12 10 -0.166167
12 11 0
12 12 0.95321
12 13 0
12 14 -0.174489
12 15 0
12 16 0
12 17 0
12 18 0
12 19 0
12 20 -0.259266
12 21 0
12 22 -0.271468
12 23 0
12 24 0
12 25 0
12 26 0
12 27 0
12 28 0
12 29 0
12 37 0.00340245
12 38 -0.0154462
12 40 0.0130712
12 42 -1.79801e-05
12 44 -0.0158883
12 50 0.0185785
12 52 -0.00369967
12 67 0.000105098
12 68 -0.00452747
12 70 0.000632301
12 72 -0.000317592
12 74 -0.00172704
12 80 0.00529949
12 82 0.00053525
13 0 0
13 1 0
13 2 0
13 3 -0.120364
13 4 0
13 5 0
13 6 0
13 7 0
13 8 0
13 9 -0.0776361
13 10 0
13 11 -0.115715
13 12 0
13 13 0.981525
13 14 0
13 15 -0.168943
13 16 -0.184102
13 17 -0.162262
13 18 0
13 19 0
13 20 0
13 21 -0.152502
13 22 0
13 23 0
13 24 0
13 25 0
13 26 0
13 27 0
13 28 0
13 29 0
13 33 0.0193569
13 39 0.00985826
13 41 -0.00656993
13 43 -0.0144698
13 45 0.0158625
13 46 0.0116105
13 47 -0.00912989
13 51 -0.0265184
13 63 0.00594991
13 69 0.0474184
13 71 0.0183789
13 73 0.0190315
13 75 -0.0639821
13 76 -0.0505788
13 77 -0.00556932
13 81 0.0293515
14 0 0
14 1 0
14 2 0
14 3 0
14 4 0
14 5 -0.0938271
14 6 0
14 7 0
14 8 -0.124569
14 9 0
14 10 0
14 11 0
14 12 -0.208123
14 13 0
14 14 0.986833
14 15 -0.182724
14 16 -0.148882
14 17 0
14 18 0
14 19 0
14 20 0
14 21 0
14 22 -0.228707
14 23 0
14 24 0
14 25 0
14 26 0
14 27 0
14 28 0
14 29 0
14 35 -0.0220399
14 38 -0.0176474
14 42 0.0112484
14 44 -0.00416782
14 45 0.0119101
14 46 0.00647996
14 52 0.0142167
14 65 -0.00956799
14 68 -0.0175964
14 72 -0.00219923
14 74 0.00649311
14 75 0.00667495
14 76 0.00512752
14 82 0.011068
15 0 0
15 1 0
15 2 0
15 3 0
15 4 0
15 5 0
15 6 0
15 7 0
15 8 0
15 9 0
15 10 0
15 11 0
15 12 0
15 13 -0.11637
15 14 -0.117213
15 15 0.992605
15 16 -0.129158
15 17 -0.144704
15 18 -0.149613
15 19 -0.158623
15 20 0
15 21 0
15 22 -0.176923
15 23 0
15 24 0
15 25 0
15 26 0
15 27 0
15 28 0
15 29 0
15 43 -0.0115793
15 44 0.00406103
15 45 6.77266e-05
15 46 -0.0173347
15 47 0.00141281
15 48 -0.00381014
15 49 0.00260482
15 52 0.0245778
15 73 0.0328763
15 74 -0.0327443
15 75 -0.00427607
15 76 -0.0110115
15 77 0.0337379
15 78 0.0125906
15 79 -0.0264968
15 82 -0.004676
16 0 0
16 1 0
16 2 0
16 3 -0.0508218
16 4 -0.113905
16 5 0.000691131
16 6 0
16 7 0
16 8 0
16 9 0
16 10 0
16 11 0
16 12 0
16 13 -0.238046
16 14 -0.15268
16 15 -0.293129
16 16 0.84789
16 17 0
16 18 0
16 19 0
16 20 0
16 21 0
16 22 0
16 23 0
16 24 0
16 25 0
16 26 0
16 27 0
16 28 0
16 29 0
16 33 -0.0316796
16 34 -0.00633676
16 35 0.0289793
16 43 -0.0809873
16 44 0.0878607
16 45 0.0191014
16 46 -0.0169376
16 63 0.0706026
16 64 -0.0345768
16 65 -0.0383123
16 73 0.20793
16 74 -0.136261
16 75 -0.0436111
16 76 -0.0257708
17 0 0
17 1 0
17 2 0
17 3 0
17 4 0
17 5 0
17 6 0
17 7 0
17 8 0
17 9 0
17 10 0
17 11 0
17 12 0
17 13 -0.198802
17 14 0
17 15 -0.229735
17 16 0
17 17 0.990087
17 18 -0.230663
17 19 0
17 20 0
17 21 -0.330888
17 22 0
17 23 0
17 24 0
17 25 0
17 26 0
17 27 0
17 28 0
17 29 0
17 43 0.0377625
17 45 -0.0266802
17 47 0.000373879
17 48 -0.00920007
17 51 -0.00225604
17 73 0.00257596
17 75 0.00492935
17 77 -0.00110383
17 78 0.0024505
17 81 -0.00885196
18 0 0
18 1 0
18 2 0
18 3 0
18 4 0
18 5 0
18 6 0
18 7 0
18 8 0
18 9 0
18 10 0
18 11 0
18 12 0
18 13 0
18 14 0
18 15 -0.15892
18 16 0
18 17 -0.150323
18 18 0.992772
18 19 -0.166905
18 20 0
18 21 -0.151494
18 22 0
18 23 -0.125125
18 24 -0.123076
18 25 -0.116929
18 26 0
18 27 0
18 28 0
18 29 0
18 45 -0.00468914
18 47 0.0125858
18 48 -0.000829084
18 49 -0.0103499
18 51 0.0420637
18 53 0.0153782
18 54 -0.0178854
18 55 -0.0362742
18 75 0.012398
18 77 -0.00197114
18 78 0.00488497
18 79 0.026083
18 81 0.00273015
18 83 -0.0235612
18 84 -0.0224794
18 85 0.00191561
19 0 0
19 1 0
19 2 0
19 3 0
19 4 0
19 5 0
19 6 0
19 7 0
19 8 0
19 9 0
19 10 0
19 11 0
19 12 0
19 13 0
19 14 0
19 15 -0.148822
19 16 0
19 17 0
19 18 -0.151051
19 19 0.983387
19 20 0
19 21 0
19 22 -0.174991
19 23 0
19 24 0
19 25 -0.101098
19 26 -0.0972178
19 27 -0.0980473
19 28 -0.131628
19 29 -0.0805319
19 45 0.0119704
19 48 0.0205802
19 49 0.000307169
19 52 -0.0350728
19 55 0.0558192
19 56 -0.0272979
19 57 -0.00753878
19 58 -0.0348685
19 59 0.0161009
19 75 -0.0142019
19 78 -0.0225105
19 79 -0.00432772
19 82 -0.00490818
19 85 -0.0290673
19 86 0.0320904
19 87 0.0215141
19 88 0.0165948
19 89 0.00481638
20 0 0
20 1 0
20 2 0
20 3 0
20 4 0
20 5 0
20 6 0
20 7 0
20 8 0
20 9 0
20 10 -0.00816883
20 11 -0.0746011
20 12 -0.116134
20 13 0
20 14 0
20 15 0
20 16 0
20 17 0
20 18 0
20 19 0
20 20 0.801848
20 21 -0.274593
20 22 -0.328351
20 23 0
20 24 0
20 25 0
20 26 0
20 27 0
20 28 0
20 29 0
20 40 0.0125885
20 41 0.114825
20 42 -0.112906
20 50 -0.014411
20 51 0.183546
20 52 -0.183642
20 70 -0.0184066
20 71 -0.0386078
20 72 0.0660343
20 80 -0.0267273
20 81 -0.081005
20 82 0.0987125
21 0 0
21 1 0
21 2 0
21 3 0
21 4 0
21 5 0
21 6 0
21 7 0
21 8 0
21 9 0
21 10 0
21 11 -0.0510947
21 12 0
21 13 0.169626
21 14 0
21 15 0
21 16 0
21 17 -0.173263
21 18 -0.0870745
21 19 0
21 20 -0.38843
21 21 0.669587
21 22 0
21 23 -0.139351
21 24 0
21 25 0
21 26 0
21 27 0
21 28 0
21 29 0
21 41 0.0427852
21 43 0.0868365
21 47 -0.0261467
21 48 -0.0613296
21 50 -0.0934021
21 51 -0.0355143
21 53 0.086771
21 71 0.0209231
21 73 0.0261428
21 77 -0.0422021
21 78 -0.137904
21 80 -0.0977038
21 81 0.0698821
21 83 0.160863
22 0 0
22 1 0
22 2 0
22 3 0
22 4 0
22 5 0
22 6 0
22 7 0
22 8 0
22 9 0
22 10 0
22 11 0
22 12 -0.0897786
22 13 0
22 14 0.151467
22 15 -0.0558104
22 16 0
22 17 0
22 18 0
22 19 -0.0789608
22 20 -0.387194
22 21 0
22 22 0.700957
22 23 0
22 24 0
22 25 0
22 26 0
22 27 0
22 28 -0.240681
22 29 0
22 42 0.0493947
22 44 -0.0194441
22 45 0.0395342
22 49 -0.0313871
22 50 0.133802
22 52 0.00842671
22 58 -0.180326
22 72 0.0207219
22 74 0.0248014
22 75 0.0649759
22 79 0.0107451
22 80 0.0360777
22 82 -0.0378679
22 88 -0.119454
23 0 0
23 1 0
23 2 0
23 3 0
23 4 0
23 5 0
23 6 0
23 7 0
23 8 0
23 9 0
23 10 0
23 11 0
23 12 0
23 13 0
23 14 0
23 15 0
23 16 0
23 17 0
23 18 -0.264155
23 19 0
23 20 0
23 21 -0.29684
23 22 0
23 23 0.936625
23 24 -0.375631
23 25 0
23 26 0
23 27 0
23 28 0
23 29 0
23 48 0.0382084
23 51 -0.186894
23 53 -0.01338
23 54 0.162065
23 78 -0.0536729
23 81 -0.0447718
23 83 0.0517357
23 84 0.046709
24 0 0
24 1 0
24 2 0
24 3 0
24 4 0
24 5 0
24 6 0
24 7 0
24 8 0
24 9 0
24 10 0
24 11 0
24 12 0
24 13 0
24 14 0
24 15 0
24 16 0
24 17 0
24 18 -0.139961
24 19 0
24 20 0
24 21 0
24 22 0
24 23 -0.169941
24 24 0.785248
24 25 -0.475346
24 26 0
24 27 0
24 28 0
24 29 0
24 48 0.0177672
24 53 -0.186181
24 54 0.00683845
24 55 0.161576
24 78 0.22024
24 83 -0.184219
24 84 -0.0946124
24 85 0.0585911
25 0 0
25 1 0
25 2 0
25 3 0
25 4 0
25 5 0
25 6 0
25 7 0
25 8 0
25 9 0
25 10 0
25 11 0
25 12 0
25 13 0
25 14 0
25 15 0
25 16 0
25 17 0
25 18 -0.0842401
25 19 -0.0166085
25 20 0
25 21 0
25 22 0
25 23 0
25 24 -0.379332
25 25 0.799655
25 26 0
25 27 0
25 28 0
25 29 -0.319474
25 48 -0.117167
25 49 0.0146713
25 54 -0.145973
25 55 -0.00256729
25 59 0.251036
25 78 0.0209368
25 79 -0.00637393
25 84 0.0581018
25 85 -0.0045487
25 89 -0.0681159
26 0 0
26 1 0
26 2 0
26 3 0
26 4 0
26 5 0
26 6 0
26 7 0
26 8 0
26 9 0
26 10 0
26 11 0
26 12 0
26 13 0
26 14 0
26 15 0
26 16 0
26 17 0
26 18 0
26 19 -0.0211299
26 20 0
26 21 0
26 22 0
26 23 0
26 24 0
26 25 0
26 26 0.748322
26 27 -0.521703
26 28 -0.205489
26 29 0
26 49 -0.0699633
26 56 0.00514728
26 57 -0.200047
26 58 0.264863
26 79 0.00029001
26 86 -0.0190714
26 87 -0.0510154
26 88 0.0697968
27 0 0
27 1 0
27 2 0
27 3 0
27 4 0
27 5 0
27 6 0
27 7 0
27 8 0
27 9 0
27 10 0
27 11 0
27 12 0
27 13 0
27 14 0
27 15 0
27 16 0
27 17 0
27 18 0
27 19 -0.145486
27 20 0
27 21 0
27 22 0
27 23 0
27 24 0
27 25 0
27 26 -0.402311
27 27 0.916369
27 28 0
27 29 -0.368572
27 49 0.0176536
27 56 0.100583
27 57 0.00723255
27 59 -0.12547
27 79 -0.0966875
27 86 0.148972
27 87 0.019104
27 89 -0.0713889
28 0 0
28 1 0
28 2 0
28 3 0
28 4 0
28 5 0
28 6 0
28 7 0
28 8 0
28 9 0
28 10 0
28 11 0
28 12 0
28 13 0
28 14 0
28 15 0
28 16 0
28 17 0
28 18 0
28 19 -0.250141
28 20 0
28 21 0
28 22 -0.345056
28 23 0
28 24 0
28 25 0
28 26 -0.364613
28 27 0
28 28 0.95981
28 29 0
28 49 -0.0315592
28 52 0.138071
28 56 -0.115537
28 58 0.00902488
28 79 0.0728302
28 82 0.0199988
28 86 -0.0611073
28 88 -0.0317216
29 0 0
29 1 0
29 2 0
29 3 0
29 4 0
29 5 0
29 6 0
29 7 0
29 8 0
29 9 0
29 10 0
29 11 0
29 12 0
29 13 0
29 14 0
29 15 0
29 16 0
29 17 0
29 18 0
29 19 -0.0941442
29 20 0
29 21 0
29 22 0
29 23 0
29 24 0
29 25 -0.348419
29 26 0
29 27 -0.403843
29 28 0
29 29 0.846406
29 49 0.108083
29 55 -0.263967
29 57 0.154319
29 59 0.00156489
29 79 -0.0113624
29 85 0.0885523
29 87 -0.0750846
29 89 -0.00210515
30 0 -0.0166059
30 1 -0.10919
30 2 0.0611139
30 3 -0.0400409
30 9 0.104722
30 30 0.966359
30 31 -0.249409
30 32 -0.312203
30 33 -0.198576
30 34 0
30 35 0
30 36 0
30 37 0
30 38 0
30 39 -0.206171
30 40 0
30 41 0
30 42 0
30 43 0
30 44 0
30 45 0
30 46 0
30 47 0
30 48 0
30 49 0
30 50 0
30 51 0
30 52 0
30 53 0
30 54 0
30 55 0
30 56 0
30 57 0
30 58 0
30 59 0
30 60 0.00317817
30 61 -0.0393737
30 62 -0.0125731
30 63 0.00121425
30 69 0.0475544
31 0 0.0277168
31 1 -0.0207499
31 2 0.0694453
31 3 -0.0113128
31 4 -0.0350996
31 5 -0.0294688
31 6 -0.000530966
31 30 -0.20038
31 31 0.944727
31 32 -0.279032
31 33 -0.109628
31 34 -0.0920124
31 35 -0.091663
31 36 -0.172011
31 37 0
31 38 0
31 39 0
31 40 0
31 41 0
31 42 0
31 43 0
31 44 0
31 45 0
31 46 0
31 47 0
31 48 0
31 49 0
31 50 0
31 51 0
31 52 0
31 53 0
31 54 0
31 55 0
31 56 0
31 57 0
31 58 0
31 59 0
31 60 -0.00937112
31 61 -0.0101015
31 62 -0.117692
31 63 0.0587427
31 64 0.0662523
31 65 0.0446948
31 66 -0.0325253
32 0 -0.0110372
32 1 -0.0709929
32 2 -0.0168946
32 6 -0.047297
32 7 0.0755394
32 8 0.0128808
32 9 0.0578015
32 30 -0.2556
32 31 -0.286893
32 32 0.522279
32 33 0
32 34 0
32 35 0
32 36 -0.262421
32 37 0.0989235
32 38 0.0918535
32 39 0.0918582
32 40 0
32 41 0
32 42 0
32 43 0
32 44 0
32 45 0
32 46 0
32 47 0
32 48 0
32 49 0
32 50 0
32 51 0
32 52 0
32 53 0
32 54 0
32 55 0
32 56 0
32 57 0
32 58 0
32 59 0
32 60 0.0756158
32 61 0.171674
32 62 -0.00353512
32 66 0.0585185
32 67 -0.170512
32 68 -0.0731873
32 69 -0.0585741
33 0 0.0257776
33 1 0.0127305
33 3 -0.00333041
33 4 -0.0142359
33 9 0.0108143
33 13 -0.00523658
33 16 -0.0265194
33 30 -0.22152
33 31 -0.235863
33 32 0
33 33 0.972516
33 34 -0.191326
33 35 0
33 36 0
33 37 0
33 38 0
33 39 -0.17096
33 40 0
33 41 0
33 42 0
33 43 -0.0696724
33 44 0
33 45 0
33 46 -0.0831742
33 47 0
33 48 0
33 49 0
33 50 0
33 51 0
33 52 0
33 53 0
33 54 0
33 55 0
33 56 0
33 57 0
33 58 0
33 59 0
33 60 -0.0315012
33 61 -0.0332239
33 63 -0.00147244
33 64 0.00113809
33 69 -0.0054703
33 73 0.0363143
33 76 0.0342156
34 1 0.0206049
34 3 0.0143192
34 4 0.00900027
34 5 -0.000414931
34 16 -0.0435095
34 30 0
34 31 -0.288641
34 32 0
34 33 -0.257529
34 34 0.985848
34 35 -0.265129
34 36 0
34 37 0
34 38 0
34 39 0
34 40 0
34 41 0
34 42 0
34 43 0
34 44 0
34 45 0
34 46 -0.174548
34 47 0
34 48 0
34 49 0
34 50 0
34 51 0
34 52 0
34 53 0
34 54 0
34 55 0
34 56 0
34 57 0
34 58 0
34 59 0
34 61 -0.0564506
34 63 -0.00776461
34 64 0.00523865
34 65 -0.00515576
34 76 0.0641323
35 1 0.019109
35 4 -0.00452753
35 5 -0.00253254
35 6 0.0189104
35 8 0.00301281
35 14 -0.0205453
35 16 -0.0134269
35 30 0
35 31 -0.237913
35 32 0
35 33 0
35 34 -0.193724
35 35 0.973011
35 36 -0.219356
35 37 0
35 38 -0.168672
35 39 0
35 40 0
35 41 0
35 42 0
35 43 0
35 44 -0.065543
35 45 0
35 46 -0.0878024
35 47 0
35 48 0
35 49 0
35 50 0
35 51 0
35 52 0
35 53 0
35 54 0
35 55 0
35 56 0
35 57 0
35 58 0
35 59 0
35 61 -0.0255763
35 64 0.0082861
35 65 -0.00138331
35 66 -0.0356325
35 68 -0.0112498
35 74 0.0259296
35 76 0.0396262
36 1 0.0863201
36 2 -0.025513
36 5 0.0216723
36 6 0.00362157
36 8 -0.0861009
36 30 0
36 31 -0.242508
36 32 -0.318793
36 33 0
36 34 0
36 35 -0.197489
36 36 0.971377
36 37 0
36 38 -0.212587
36 39 0
36 40 0
36 41 0
36 42 0
36 43 0
36 44 0
36 45 0
36 46 0
36 47 0
36 48 0
36 49 0
36 50 0
36 51 0
36 52 0
36 53 0
36 54 0
36 55 0
36 56 0
36 57 0
36 58 0
36 59 0
36 61 0.0617419
36 62 -0.0485111
36 65 0.0287749
36 66 0.011703
36 68 -0.0537087
37 2 0.0166076
37 7 -0.000706517
37 8 -0.0124549
37 9 -0.00202094
37 10 0.00226581
37 11 0.00465546
37 12 -0.00834644
37 30 0
37 31 0
37 32 -0.271471
37 33 0
37 34 0
37 35 0
37 36 0
37 37 0.976069
37 38 -0.196724
37 39 -0.200666
37 40 -0.11967
37 41 -0.0965721
37 42 -0.0909663
37 43 0
37 44 0
37 45 0
37 46 0
37 47 0
37 48 0
37 49 0
37 50 0
37 51 0
37 52 0
37 53 0
37 54 0
37 55 0
37 56 0
37 57 0
37 58 0
37 59 0
37 62 -0.0258481
37 67 -0.000236502
37 68 0.00367632
37 69 0.0112677
37 70 -0.00246635
37 71 0.0091615
37 72 0.00444535
38 2 0.000441088
38 5 0.0275308
38 6 0.0140064
38 7 0.000778394
38 8 0.00697767
38 12 -0.0327405
38 14 -0.0169939
38 30 0
38 31 0
38 32 -0.191351
38 33 0
38 34 0
38 35 -0.178285
38 36 -0.18895
38 37 -0.161638
38 38 0.992942
38 39 0
38 40 0
38 41 0
38 42 -0.129037
38 43 0
38 44 -0.14368
38 45 0
38 46 0
38 47 0
38 48 0
38 49 0
38 50 0
38 51 0
38 52 0
38 53 0
38 54 0
38 55 0
38 56 0
38 57 0
38 58 0
38 59 0
38 62 -0.0409398
38 65 0.0163372
38 66 -0.00535838
38 67 -0.00745949
38 68 0.00658299
38 72 0.00978392
38 74 0.0210536
39 0 -0.00572208
39 2 0.0413516
39 3 -0.0366391
39 7 0.0056976
39 9 -0.0123529
39 11 0.0153381
39 13 -0.00767319
39 30 -0.191455
39 31 0
39 32 -0.188734
39 33 -0.181519
39 34 0
39 35 0
39 36 0
39 37 -0.159239
39 38 0
39 39 0.991037
39 40 0
39 41 -0.125137
39 42 0
39 43 -0.144953
39 44 0
39 45 0
39 46 0
39 47 0
39 48 0
39 49 0
39 50 0
39 51 0
39 52 0
39 53 0
39 54 0
39 55 0
39 56 0
39 57 0
39 58 0
39 59 0
39 60 -0.0155153
39 62 -0.0241914
39 63 -0.0162705
39 67 -0.00620481
39 69 -0.00239274
39 71 0.0353585
39 73 0.0292163
40 7 -0.00917066
40 10 -0.0366635
40 11 0.0377241
40 12 0.0164074
40 20 -0.00829736
40 30 0
40 31 0
40 32 0
40 33 0
40 34 0
40 35 0
40 36 0
40 37 -0.329926
40 38 0
40 39 0
40 40 0.979875
40 41 -0.191473
40 42 -0.25507
40 43 0
40 44 0
40 45 0
40 46 0
40 47 0
40 48 0
40 49 0
40 50 -0.203406
40 51 0
40 52 0
40 53 0
40 54 0
40 55 0
40 56 0
40 57 0
40 58 0
40 59 0
40 67 0.0566641
40 70 -0.00908731
40 71 -0.0477525
40 72 0.0446827
40 80 -0.0445069
41 7 0.0107106
41 9 -0.0179057
41 10 0.0255196
41 11 -0.00167719
41 13 -0.0265737
41 20 0.0232137
41 21 -0.0132873
41 30 0
41 31 0
41 32 0
41 33 0
41 34 0
41 35 0
41 36 0
41 37 -0.0440041
41 38 0
41 39 -0.0403272
41 40 -0.159435
41 41 0.952164
41 42 0
41 43 -0.18123
41 44 0
41 45 0
41 46 0
41 47 0
41 48 0
41 49 0
41 50 -0.254168
41 51 -0.273
41 52 0
41 53 0
41 54 0
41 55 0
41 56 0
41 57 0
41 58 0
41 59 0
41 67 0.00684223
41 69 -0.0097752
41 70 0.012649
41 71 0.00277517
41 73 -0.0205978
41 80 0.00222228
41 81 0.00588433
42 7 -0.00987917
42 8 0.0208952
42 10 -0.0289082
42 12 -1.80391e-05
42 14 0.0325165
42 20 -0.0267462
42 22 0.0121399
42 30 0
42 31 0
42 32 0
42 33 0
42 34 0
42 35 0
42 36 0
42 37 -0.0425344
42 38 -0.0404372
42 39 0
42 40 -0.161553
42 41 0
42 42 0.951793
42 43 0
42 44 -0.181052
42 45 0
42 46 0
42 47 0
42 48 0
42 49 0
42 50 -0.251442
42 51 0
42 52 -0.274775
42 53 0
42 54 0
42 55 0
42 56 0
42 57 0
42 58 0
42 59 0
42 67 -0.00626316
42 68 0.00425524
42 70 -0.00213891
42 72 0.00296331
42 74 0.00501878
42 80 -0.00799326
42 82 0.00415803
43 3 -0.0323002
43 9 0.0208843
43 11 0.0476421
43 13 -0.0144694
43 15 -0.00898557
43 16 -0.0438789
43 17 0.00234476
43 21 0.0287629
43 30 0
43 31 0
43 32 0
43 33 -0.107265
43 34 0
43 35 0
43 36 0
43 37 0
43 38 0
43 39 -0.121504
43 40 0
43 41 -0.155165
43 42 0
43 43 0.980214
43 44 0
43 45 -0.125301
43 46 -0.127288
43 47 -0.15892
43 48 0
43 49 0
43 50 0
43 51 -0.184771
43 52 0
43 53 0
43 54 0
43 55 0
43 56 0
43 57 0
43 58 0
43 59 0
43 63 -0.0241542
43 69 0.0249602
43 71 0.0312788
43 73 0.019956
43 75 -0.0545883
43 76 -0.0535223
43 77 0.005849
43 81 0.0502208
44 5 0.05007
44 8 -0.0516463
44 12 -0.0747087
44 14 -0.0041682
44 15 0.0333145
44 16 0.0856209
44 22 -0.0384823
44 30 0
44 31 0
44 32 0
44 33 0
44 34 0
44 35 -0.0968855
44 36 0
44 37 0
44 38 -0.127966
44 39 0
44 40 0
44 41 0
44 42 -0.203719
44 43 0
44 44 0.967481
44 45 -0.170857
44 46 -0.130651
44 47 0
44 48 0
44 49 0
44 50 0
44 51 0
44 52 -0.237403
44 53 0
44 54 0
44 55 0
44 56 0
44 57 0
44 58 0
44 59 0
44 65 0.0117791
44 68 -0.00574545
44 72 -0.0199877
44 74 0.0324644
44 75 -0.0131029
44 76 -0.0152802
44 82 0.00987275
45 13 0.0032323
45 14 0.01103
45 15 6.77039e-05
45 16 0.0191671
45 17 -0.0117778
45 18 -0.00197971
45 19 0.00356243
45 22 -0.023302
45 30 0
45 31 0
45 32 0
45 33 0
45 34 0
45 35 0
45 36 0
45 37 0
45 38 0
45 39 0
45 40 0
45 41 0
45 42 0
45 43 -0.1178
45 44 -0.132684
45 45 0.995663
45 46 -0.121766
45 47 -0.143978
45 48 -0.143244
45 49 -0.154587
45 50 0
45 51 0
45 52 -0.181605
45 53 0
45 54 0
45 55 0
45 56 0
45 57 0
45 58 0
45 59 0
45 73 -0.00789674
45 74 -0.00371661
45 75 0.00028034
45 76 -0.0169502
45 77 0.00575796
45 78 -0.000723617
45 79 0.000317332
45 82 0.0229315
46 3 0.000719691
46 4 0.00129611
46 5 0.020276
46 13 -0.0249532
46 14 0.0242737
46 15 -0.00467474
46 16 -0.0169376
46 30 0
46 31 0
46 32 0
46 33 -0.060496
46 34 -0.0619376
46 35 -0.0482376
46 36 0
46 37 0
46 38 0
46 39 0
46 40 0
46 41 0
46 42 0
46 43 -0.258339
46 44 -0.22861
46 45 -0.280464
46 46 0.938085
46 47 0
46 48 0
46 49 0
46 50 0
46 51 0
46 52 0
46 53 0
46 54 0
46 55 0
46 56 0
46 57 0
46 58 0
46 59 0
46 63 -0.0117455
46 64 -0.0356489
46 65 -0.0235295
46 73 0.0520902
46 74 0.0062185
46 75 0.0167072
46 76 -0.00409206
47 13 -0.032869
47 15 0.0210989
47 17 0.000373953
47 18 0.0049003
47 21 0.00649579
47 30 0
47 31 0
47 32 0
47 33 0
47 34 0
47 35 0
47 36 0
47 37 0
47 38 0
47 39 0
47 40 0
47 41 0
47 42 0
47 43 -0.199303
47 44 0
47 45 -0.22667
47 46 0
47 47 0.990064
47 48 -0.232015
47 49 0
47 50 0
47 51 -0.332076
47 52 0
47 53 0
47 54 0
47 55 0
47 56 0
47 57 0
47 58 0
47 59 0
47 73 0.0166061
47 75 -0.0122972
47 77 0.00120811
47 78 -0.0102065
47 81 0.00468951
48 15 0.000897014
48 17 -0.0137454
48 18 -0.000829122
48 19 0.00560771
48 21 -0.0386827
48 23 -0.0116156
48 24 0.0179549
48 25 0.0404132
48 30 0
48 31 0
48 32 0
48 33 0
48 34 0
48 35 0
48 36 0
48 37 0
48 38 0
48 39 0
48 40 0
48 41 0
48 42 0
48 43 0
48 44 0
48 45 -0.156534
48 46 0
48 47 -0.148136
48 48 0.993949
48 49 -0.166002
48 50 0
48 51 -0.15511
48 52 0
48 53 -0.125112
48 54 -0.11951
48 55 -0.123546
48 56 0
48 57 0
48 58 0
48 59 0
48 75 0.00659597
48 77 -0.00470386
48 78 0.0022939
48 79 0.0116242
48 81 -0.0199239
48 83 -0.0126473
48 84 0.00433707
48 85 0.0124239
49 15 -0.0104626
49 18 -0.0184601
49 19 0.000307122
49 22 0.035569
49 25 -0.053778
49 26 0.024589
49 27 0.00581455
49 28 0.0334246
49 29 -0.0170036
49 30 0
49 31 0
49 32 0
49 33 0
49 34 0
49 35 0
49 36 0
49 37 0
49 38 0
49 39 0
49 40 0
49 41 0
49 42 0
49 43 0
49 44 0
49 45 -0.146343
49 46 0
49 47 0
49 48 -0.149809
49 49 0.98557
49 50 0
49 51 0
49 52 -0.176252
49 53 0
49 54 0
49 55 -0.105238
49 56 -0.0956799
49 57 -0.095565
49 58 -0.132261
49 59 -0.0844225
49 75 0.00029779
49 78 -0.00120315
49 79 -0.000930127
49 82 -0.0323201
49 85 0.0146979
49 86 0.00686672
49 87 0.014445
49 88 -0.0139414
49 89 0.0120874
50 10 -0.0301835
50 11 -0.0387966
50 12 0.0523013
50 20 -0.014411
50 21 -0.0629259
50 22 0.0940156
50 30 0
50 31 0
50 32 0
50 33 0
50 34 0
50 35 0
50 36 0
50 37 0
50 38 0
50 39 0
50 40 0.0239267
50 41 -0.106586
50 42 -0.149255
50 43 0
50 44 0
50 45 0
50 46 0
50 47 0
50 48 0
50 49 0
50 50 0.879025
50 51 -0.282754
50 52 -0.364356
50 53 0
50 54 0
50 55 0
50 56 0
50 57 0
50 58 0
50 59 0
50 70 0.0943263
50 71 -0.0110677
50 72 0.0279484
50 80 0.000836823
50 81 -0.0783029
50 82 -0.033741
51 11 0.0302297
51 13 -0.0422432
51 17 0.0124428
51 18 0.0512008
51 20 0.139577
51 21 -0.0355145
51 23 -0.155693
51 30 0
51 31 0
51 32 0
51 33 0
51 34 0
51 35 0
51 36 0
51 37 0
51 38 0
51 39 0
51 40 0
51 41 -0.11105
51 42 0
51 43 0.131927
51 44 0
51 45 0
51 46 0
51 47 -0.155231
51 48 -0.054645
51 49 0
51 50 -0.408303
51 51 0.711063
51 52 0
51 53 -0.113762
51 54 0
51 55 0
51 56 0
51 57 0
51 58 0
51 59 0
51 71 0.0831502
51 73 -0.0341175
51 77 -0.0445137
51 78 -0.128354
51 80 0.0874994
51 81 0.0512041
51 83 -0.0148688
52 12 -0.0628578
52 14 -0.00135244
52 15 -0.0384242
52 19 0.0336306
52 20 -0.130846
52 22 0.00842751
52 28 0.191423
52 30 0
52 31 0
52 32 0
52 33 0
52 34 0
52 35 0
52 36 0
52 37 0
52 38 0
52 39 0
52 40 0
52 41 0
52 42 -0.107852
52 43 0
52 44 0.123538
52 45 -0.0537138
52 46 0
52 47 0
52 48 0
52 49 -0.0758011
52 50 -0.382925
52 51 0
52 52 0.723428
52 53 0
52 54 0
52 55 0
52 56 0
52 57 0
52 58 -0.226674
52 59 0
52 72 0.0698504
52 74 -0.000534989
52 75 -0.0651086
52 79 -0.0652032
52 80 0.0974745
52 82 0.0216553
52 88 -0.0581334
53 18 -0.00581211
53 21 0.184482
53 23 -0.0133796
53 24 -0.165291
53 30 0
53 31 0
53 32 0
53 33 0
53 34 0
53 35 0
53 36 0
53 37 0
53 38 0
53 39 0
53 40 0
53 41 0
53 42 0
53 43 0
53 44 0
53 45 0
53 46 0
53 47 0
53 48 -0.234468
53 49 0
53 50 0
53 51 -0.298463
53 52 0
53 53 0.910804
53 54 -0.377873
53 55 0
53 56 0
53 57 0
53 58 0
53 59 0
53 78 -0.143956
53 81 0.0287297
53 83 0.121812
53 84 -0.0065853
54 18 -0.0206696
54 23 0.18686
54 24 0.00683856
54 25 -0.173029
54 30 0
54 31 0
54 32 0
54 33 0
54 34 0
54 35 0
54 36 0
54 37 0
54 38 0
54 39 0
54 40 0
54 41 0
54 42 0
54 43 0
54 44 0
54 45 0
54 46 0
54 47 0
54 48 -0.128152
54 49 0
54 50 0
54 51 0
54 52 0
54 53 -0.202127
54 54 0.841822
54 55 -0.511543
54 56 0
54 57 0
54 58 0
54 59 0
54 78 -0.101643
54 83 -0.0480855
54 84 0.0218191
54 85 0.12791
55 18 0.119992
55 19 -0.00994501
55 24 0.146556
55 25 -0.00256731
55 29 -0.254035
55 30 0
55 31 0
55 32 0
55 33 0
55 34 0
55 35 0
55 36 0
55 37 0
55 38 0
55 39 0
55 40 0
55 41 0
55 42 0
55 43 0
55 44 0
55 45 0
55 46 0
55 47 0
55 48 -0.0864117
55 49 -0.0163448
55 50 0
55 51 0
55 52 0
55 53 0
55 54 -0.381695
55 55 0.799515
55 56 0
55 57 0
55 58 0
55 59 -0.315064
55 78 0.0466426
55 79 0.0389922
55 84 -0.0517056
55 85 -0.0199735
55 89 -0.0139556
56 19 0.0518465
56 26 0.00514692
56 27 0.202699
56 28 -0.259692
56 30 0
56 31 0
56 32 0
56 33 0
56 34 0
56 35 0
56 36 0
56 37 0
56 38 0
56 39 0
56 40 0
56 41 0
56 42 0
56 43 0
56 44 0
56 45 0
56 46 0
56 47 0
56 48 0
56 49 -0.00675157
56 50 0
56 51 0
56 52 0
56 53 0
56 54 0
56 55 0
56 56 0.73778
56 57 -0.521207
56 58 -0.209821
56 59 0
56 79 -0.0845542
56 86 0.0476278
56 87 -0.0155979
56 88 0.0525242
57 19 -0.0223294
57 26 -0.0922271
57 27 0.00723267
57 29 0.107324
57 30 0
57 31 0
57 32 0
57 33 0
57 34 0
57 35 0
57 36 0
57 37 0
57 38 0
57 39 0
57 40 0
57 41 0
57 42 0
57 43 0
57 44 0
57 45 0
57 46 0
57 47 0
57 48 0
57 49 -0.155009
57 50 0
57 51 0
57 52 0
57 53 0
57 54 0
57 55 0
57 56 -0.399502
57 57 0.930894
57 58 0
57 59 -0.376384
57 79 -0.0872883
57 86 -0.0508155
57 87 0.0018915
57 89 0.136212
58 19 -0.000348578
58 22 -0.132456
58 26 0.12378
58 28 0.00902476
58 30 0
58 31 0
58 32 0
58 33 0
58 34 0
58 35 0
58 36 0
58 37 0
58 38 0
58 39 0
58 40 0
58 41 0
58 42 0
58 43 0
58 44 0
58 45 0
58 46 0
58 47 0
58 48 0
58 49 -0.235548
58 50 0
58 51 0
58 52 -0.349479
58 53 0
58 54 0
58 55 0
58 56 -0.369496
58 57 0
58 58 0.954523
58 59 0
58 79 -0.0993983
58 82 0.0529739
58 86 0.00416542
58 88 0.042259
59 19 -0.117737
59 25 0.266003
59 27 -0.149831
59 29 0.0015646
59 30 0
59 31 0
59 32 0
59 33 0
59 34 0
59 35 0
59 36 0
59 37 0
59 38 0
59 39 0
59 40 0
59 41 0
59 42 0
59 43 0
59 44 0
59 45 0
59 46 0
59 47 0
59 48 0
59 49 -0.0940593
59 50 0
59 51 0
59 52 0
59 53 0
59 54 0
59 55 -0.341589
59 56 0
59 57 -0.405402
59 58 0
59 59 0.84105
59 79 0.107543
59 85 -0.00547732
59 87 -0.0628322
59 89 -0.0392335
60 0 0.00192541
60 1 0.00582893
60 2 -0.0551526
60 3 0.0314921
60 9 0.0159062
60 30 0.00317815
60 31 -0.0090988
60 32 0.0372565
60 33 -0.0239444
60 39 -0.00739149
60 60 0.987367
60 61 -0.261394
60 62 -0.318869
60 63 -0.205862
60 64 0
60 65 0
60 66 0
60 67 0
60 68 0
60 69 -0.201242
60 70 0
60 71 0
60 72 0
60 73 0
60 74 0
60 75 0
60 76 0
60 77 0
60 78 0
60 79 0
60 80 0
60 81 0
60 82 0
60 83 0
60 84 0
60 85 0
60 86 0
60 87 0
60 88 0
60 89 0
61 0 0.00779303
61 1 -0.212351
61 2 0.0748897
61 3 0.0421034
61 4 0.00369352
61 5 0.0541968
61 6 0.0296745
61 30 -0.116429
61 31 -0.0101011
61 32 0.132253
61 33 -0.137199
61 34 -0.0606644
61 35 0.0342014
61 36 0.15794
61 60 -0.151388
61 61 0.836262
61 62 -0.237897
61 63 -0.0616531
61 64 -0.0949688
61 65 -0.0918638
61 66 -0.198492
61 67 0
61 68 0
61 69 0
61 70 0
61 71 0
61 72 0
61 73 0
61 74 0
61 75 0
61 76 0
61 77 0
61 78 0
61 79 0
61 80 0
61 81 0
61 82 0
61 83 0
61 84 0
61 85 0
61 86 0
61 87 0
61 88 0
61 89 0
62 0 0.105101
62 1 0.116646
62 2 -0.127394
62 6 -0.0358231
62 7 -0.0794425
62 8 -0.0696703
62 9 0.0905833
62 30 -0.0317849
62 31 -0.154934
62 32 -0.00353518
62 36 -0.0895089
62 37 0.154974
62 38 0.0256626
62 39 0.0991262
62 60 -0.273105
62 61 -0.231786
62 62 0.469426
62 63 0
62 64 0
62 65 0
62 66 -0.212692
62 67 0.0609163
62 68 0.135077
62 69 0.052164
62 70 0
62 71 0
62 72 0
62 73 0
62 74 0
62 75 0
62 76 0
62 77 0
62 78 0
62 79 0
62 80 0
62 81 0
62 82 0
62 83 0
62 84 0
62 85 0
62 86 0
62 87 0
62 88 0
62 89 0
63 0 0.0533355
63 1 0.0116513
63 3 -0.0491231
63 4 -0.0715107
63 9 0.0292716
63 13 0.0396698
63 16 -0.0132945
63 30 0.020123
63 31 0.0438904
63 33 -0.00147229
63 34 0.0129094
63 39 -0.00632747
63 43 -0.0550906
63 46 -0.0140325
63 60 -0.174602
63 61 -0.243882
63 62 0
63 63 0.949868
63 64 -0.251101
63 65 0
63 66 0
63 67 0
63 68 0
63 69 -0.13752
63 70 0
63 71 0
63 72 0
63 73 -0.0217554
63 74 0
63 75 0
63 76 -0.121007
63 77 0
63 78 0
63 79 0
63 80 0
63 81 0
63 82 0
63 83 0
63 84 0
63 85 0
63 86 0
63 87 0
63 88 0
63 89 0
64 1 0.180454
64 3 -0.0875776
64 4 -0.177586
64 5 -0.0026725
64 16 0.0873821
64 31 0.0497078
64 33 -0.0728842
64 34 0.00523867
64 35 0.0864189
64 46 -0.0684811
64 60 0
64 61 -0.189042
64 62 0
64 63 -0.20919
64 64 0.882547
64 65 -0.360765
64 66 0
64 67 0
64 68 0
64 69 0
64 70 0
64 71 0
64 72 0
64 73 0
64 74 0
64 75 0
64 76 -0.123551
64 77 0
64 78 0
64 79 0
64 80 0
64 81 0
64 82 0
64 83 0
64 84 0
64 85 0
64 86 0
64 87 0
64 88 0
64 89 0
65 1 0.000698905
65 4 -0.0986018
65 5 -0.0532449
65 6 0.0811168
65 8 0.0498116
65 14 0.0555904
65 16 -0.035371
65 31 0.0124484
65 34 -0.0318333
65 35 -0.00138324
65 36 0.058492
65 38 0.0327228
65 44 0.00393116
65 46 -0.0743777
65 60 0
65 61 -0.218378
65 62 0
65 63 0
65 64 -0.224835
65 65 0.942318
65 66 -0.198032
65 67 0
65 68 -0.166299
65 69 0
65 70 0
65 71 0
65 72 0
65 73 0
65 74 -0.0720704
65 75 0
65 76 -0.0627039
65 77 0
65 78 0
65 79 0
65 80 0
65 81 0
65 82 0
65 83 0
65 84 0
65 85 0
65 86 0
65 87 0
65 88 0
65 89 0
66 1 -0.0447853
66 2 0.0663359
66 5 -0.0413436
66 6 -0.00230052
66 8 0.0220935
66 31 -0.0366477
66 32 0.0233621
66 35 -0.0221394
66 36 0.011703
66 38 0.0237219
66 60 0
66 61 -0.291656
66 62 -0.295632
66 63 0
66 64 0
66 65 -0.220332
66 66 0.982068
66 67 0
66 68 -0.174448
66 69 0
66 70 0
66 71 0
66 72 0
66 73 0
66 74 0
66 75 0
66 76 0
66 77 0
66 78 0
66 79 0
66 80 0
66 81 0
66 82 0
66 83 0
66 84 0
66 85 0
66 86 0
66 87 0
66 88 0
66 89 0
67 2 0.0200663
67 7 -0.00481043
67 8 -0.0200036
67 9 -0.0188857
67 10 0.0130356
67 11 0.0082126
67 12 0.00238522
67 32 0.0296227
67 37 -0.00023648
67 38 0.00106637
67 39 -0.0207859
67 40 0.00516624
67 41 -0.016714
67 42 0.00188103
67 60 0
67 61 0
67 62 -0.260892
67 63 0
67 64 0
67 65 0
67 66 0
67 67 0.973675
67 68 -0.215849
67 69 -0.201504
67 70 -0.114673
67 71 -0.0826441
67 72 -0.0981117
67 73 0
67 74 0
67 75 0
67 76 0
67 77 0
67 78 0
67 79 0
67 80 0
67 81 0
67 82 0
67 83 0
67 84 0
67 85 0
67 86 0
67 87 0
67 88 0
67 89 0
68 2 0.0883414
68 5 -0.0936026
68 6 -0.0134503
68 7 0.00929867
68 8 -0.0261037
68 12 0.044207
68 14 -0.00869037
68 32 0.0294165
68 35 -0.0116679
68 36 0.0206164
68 37 -0.0150687
68 38 0.00658307
68 42 -0.0201888
68 44 -0.00969049
68 60 0
68 61 0
68 62 -0.140324
68 63 0
68 64 0
68 65 -0.23061
68 66 -0.208073
68 67 -0.141288
68 68 0.97005
68 69 0
68 70 0
68 71 0
68 72 -0.0959947
68 73 0
68 74 -0.15376
68 75 0
68 76 0
68 77 0
68 78 0
68 79 0
68 80 0
68 81 0
68 82 0
68 83 0
68 84 0
68 85 0
68 86 0
68 87 0
68 88 0
68 89 0
69 0 -0.0117009
69 2 0.015145
69 3 -0.025631
69 7 0.00546107
69 9 -0.00986874
69 11 0.0230221
69 13 0.00357243
69 30 0.0124127
69 32 0.0384295
69 33 0.000680994
69 37 0.00750243
69 39 -0.00239274
69 41 -0.0268904
69 43 -0.0297425
69 60 -0.187709
69 61 0
69 62 -0.18061
69 63 -0.194559
69 64 0
69 65 0
69 66 0
69 67 -0.168159
69 68 0
69 69 0.992088
69 70 0
69 71 -0.122046
69 72 0
69 73 -0.139005
69 74 0
69 75 0
69 76 0
69 77 0
69 78 0
69 79 0
69 80 0
69 81 0
69 82 0
69 83 0
69 84 0
69 85 0
69 86 0
69 87 0
69 88 0
69 89 0
70 7 0.0169597
70 10 -0.0411444
70 11 0.0432834
70 12 0.00764157
70 20 -0.0267403
70 37 -0.0529705
70 40 -0.00908735
70 41 0.0510012
70 42 -0.0228017
70 50 0.0338584
70 60 0
70 61 0
70 62 0
70 63 0
70 64 0
70 65 0
70 66 0
70 67 -0.328499
70 68 0
70 69 0
70 70 0.977892
70 71 -0.272632
70 72 -0.164981
70 73 0
70 74 0
70 75 0
70 76 0
70 77 0
70 78 0
70 79 0
70 80 -0.21178
70 81 0
70 82 0
70 83 0
70 84 0
70 85 0
70 86 0
70 87 0
70 88 0
70 89 0
71 7 -0.0190401
71 9 0.00538684
71 10 -0.0207599
71 11 0.00192297
71 13 0.0283703
71 20 -0.0039957
71 21 0.00811554
71 37 -0.0157962
71 39 0.0177788
71 40 -0.029968
71 41 0.00277515
71 43 0.0322112
71 50 -0.0238305
71 51 0.0168297
71 60 0
71 61 0
71 62 0
71 63 0
71 64 0
71 65 0
71 66 0
71 67 -0.047711
71 68 0
71 69 -0.0387081
71 70 -0.163009
71 71 0.950768
71 72 0
71 73 -0.173018
71 74 0
71 75 0
71 76 0
71 77 0
71 78 0
71 79 0
71 80 -0.25088
71 81 -0.277443
71 82 0
71 83 0
71 84 0
71 85 0
71 86 0
71 87 0
71 88 0
71 89 0
72 7 0.0111176
72 8 -0.00160078
72 10 0.0225431
72 12 -0.000317598
72 14 -0.0227308
72 20 0.00538428
72 22 -0.0143958
72 37 -0.0127861
72 38 0.00978318
72 40 -0.01795
72 42 0.00296329
72 44 0.0216621
72 50 -0.0162796
72 52 0.0126072
72 60 0
72 61 0
72 62 0
72 63 0
72 64 0
72 65 0
72 66 0
72 67 -0.0286437
72 68 -0.0499238
72 69 0
72 70 -0.141828
72 71 0
72 72 0.948731
72 73 0
72 74 -0.204474
72 75 0
72 76 0
72 77 0
72 78 0
72 79 0
72 80 -0.235116
72 81 0
72 82 -0.288746
72 83 0
72 84 0
72 85 0
72 86 0
72 87 0
72 88 0
72 89 0
73 3 0.00388663
73 9 -0.0650302
73 11 -0.0513068
73 13 0.0190308
73 15 0.0330036
73 16 0.0633896
73 17 0.0127263
73 21 -0.0156999
73 33 0.0137892
73 39 0.0171015
73 41 -0.00838835
73 43 0.0199559
73 45 -0.0365453
73 46 -0.0130114
73 47 -0.00261746
73 51 0.00971584
73 60 0
73 61 0
73 62 0
73 63 -0.096838
73 64 0
73 65 0
73 66 0
73 67 0
73 68 0
73 69 -0.157937
73 70 0
73 71 -0.184229
73 72 0
73 73 0.969298
73 74 0
73 75 -0.0764949
73 76 -0.0769463
73 77 -0.157807
73 78 0
73 79 0
73 80 0
73 81 -0.219046
73 82 0
73 83 0
73 84 0
73 85 0
73 86 0
73 87 0
73 88 0
73 89 0
74 5 -0.0301976
74 8 0.122424
74 12 0.0956891
74 14 0.00649386
74 15 -0.0752247
74 16 -0.14309
74 22 0.0239057
74 35 -0.00499024
74 38 0.0178219
74 42 0.0088119
74 44 0.0324647
74 45 -0.0271886
74 46 -0.0487787
74 52 0.0218591
74 60 0
74 61 0
74 62 0
74 63 0
74 64 0
74 65 -0.118541
74 66 0
74 67 0
74 68 -0.0891743
74 69 0
74 70 0
74 71 0
74 72 -0.156092
74 73 0
74 74 0.935594
74 75 -0.177494
74 76 -0.154077
74 77 0
74 78 0
74 79 0
74 80 0
74 81 0
74 82 -0.240217
74 83 0
74 84 0
74 85 0
74 86 0
74 87 0
74 88 0
74 89 0
75 13 -0.00335108
75 14 0.0333776
75 15 -0.00427595
75 16 -0.00762947
75 17 -0.00913768
75 18 -0.013227
75 19 -0.00125944
75 22 0.00550297
75 43 -0.00602286
75 44 0.0214303
75 45 0.000280335
75 46 0.0147031
75 47 -0.0178335
75 48 -0.00671843
75 49 0.00848526
75 52 -0.0143241
75 60 0
75 61 0
75 62 0
75 63 0
75 64 0
75 65 0
75 66 0
75 67 0
75 68 0
75 69 0
75 70 0
75 71 0
75 72 0
75 73 -0.085494
75 74 -0.158032
75 75 0.990485
75 76 -0.133726
75 77 -0.112552
75 78 -0.133502
75 79 -0.181244
75 80 0
75 81 0
75 82 -0.185936
75 83 0
75 84 0
75 85 0
75 86 0
75 87 0
75 88 0
75 89 0
76 3 -0.00846934
76 4 -0.0171407
76 5 0.0173348
76 13 -0.0144698
76 14 0.0439873
76 15 0.00452812
76 16 -0.0257704
76 33 0.0117878
76 34 0.0280535
76 35 0.0256338
76 43 -0.0453219
76 44 0.000446409
76 45 -0.0165076
76 46 -0.00409207
76 60 0
76 61 0
76 62 0
76 63 -0.0372811
76 64 -0.0722301
76 65 -0.0647401
76 66 0
76 67 0
76 68 0
76 69 0
76 70 0
76 71 0
76 72 0
76 73 -0.186544
76 74 -0.279
76 75 -0.294123
76 76 0.933918
76 77 0
76 78 0
76 79 0
76 80 0
76 81 0
76 82 0
76 83 0
76 84 0
76 85 0
76 86 0
76 87 0
76 88 0
76 89 0
77 13 -0.0163819
77 15 0.0100816
77 17 -0.00110401
77 18 0.0107199
77 21 -0.00331572
77 43 -0.00241934
77 45 -0.0113253
77 47 0.00120797
77 48 0.000547384
77 51 0.0119893
77 60 0
77 61 0
77 62 0
77 63 0
77 64 0
77 65 0
77 66 0
77 67 0
77 68 0
77 69 0
77 70 0
77 71 0
77 72 0
77 73 -0.217154
77 74 0
77 75 -0.198184
77 76 0
77 77 0.986851
77 78 -0.218058
77 79 0
77 80 0
77 81 -0.353455
77 82 0
77 83 0
77 84 0
77 85 0
77 86 0
77 87 0
77 88 0
77 89 0
78 15 0.0104356
78 17 0.00657349
78 18 0.00488533
78 19 0.00502267
78 21 -0.0235033
78 23 -0.00231938
78 24 0.0190382
78 25 -0.0201326
78 45 0.00492902
78 47 0.00325023
78 48 0.00229389
78 49 0.00898022
78 51 0.0116538
78 53 -0.0062036
78 54 -0.013773
78 55 -0.0111306
78 60 0
78 61 0
78 62 0
78 63 0
78 64 0
78 65 0
78 66 0
78 67 0
78 68 0
78 69 0
78 70 0
78 71 0
78 72 0
78 73 0
78 74 0
78 75 -0.19166
78 76 0
78 77 -0.144081
78 78 0.979945
78 79 -0.231551
78 80 0
78 81 -0.140562
78 82 0
78 83 -0.0656933
78 84 -0.0805315
78 85 -0.125865
78 86 0
78 87 0
78 88 0
78 89 0
79 15 -0.00295443
79 18 0.0025422
79 19 -0.00432778
79 22 0.011372
79 25 0.0144576
79 26 -0.0131871
79 27 -0.0146674
79 28 0.000594994
79 29 0.00616997
79 45 -0.000812293
79 48 0.00320545
79 49 -0.00093013
79 52 0.0310064
79 55 -0.00394783
79 56 -0.012858
79 57 -0.0190189
79 58 0.0105484
79 59 -0.00719321
79 60 0
79 61 0
79 62 0
79 63 0
79 64 0
79 65 0
79 66 0
79 67 0
79 68 0
79 69 0
79 70 0
79 71 0
79 72 0
79 73 0
79 74 0
79 75 -0.17252
79 76 0
79 77 0
79 78 -0.185585
79 79 0.972965
79 80 0
79 81 0
79 82 -0.206706
79 83 0
79 84 0
79 85 -0.122695
79 86 -0.0491428
79 87 -0.0600069
79 88 -0.11899
79 89 -0.0573184
80 10 0.00937856
80 11 6.88247e-05
80 12 0.0273851
80 20 -0.0267272
80 21 -0.0296589
80 22 0.0195536
80 40 -0.133715
80 41 0.018109
80 42 -0.0442939
80 50 0.000836965
80 51 0.117114
80 52 0.0419485
80 60 0
80 61 0
80 62 0
80 63 0
80 64 0
80 65 0
80 66 0
80 67 0
80 68 0
80 69 0
80 70 0.0441452
80 71 -0.128251
80 72 -0.100349
80 73 0
80 74 0
80 75 0
80 76 0
80 77 0
80 78 0
80 79 0
80 80 0.857236
80 81 -0.353499
80 82 -0.319282
80 83 0
80 84 0
80 85 0
80 86 0
80 87 0
80 88 0
80 89 0
81 11 -0.0988098
81 13 -0.0809897
81 17 0.0340258
81 18 0.0659259
81 20 0.00142222
81 21 0.0698817
81 23 0.00854394
81 41 -0.109022
81 43 -0.00521223
81 47 0.0256865
81 48 0.0434358
81 50 -0.13277
81 51 0.0512017
81 53 0.12668
81 60 0
81 61 0
81 62 0
81 63 0
81 64 0
81 65 0
81 66 0
81 67 0
81 68 0
81 69 0
81 70 0
81 71 -0.150091
81 72 0
81 73 0.146111
81 74 0
81 75 0
81 76 0
81 77 -0.112641
81 78 0.0830198
81 79 0
81 80 -0.393692
81 81 0.632025
81 82 0
81 83 -0.204732
81 84 0
81 85 0
81 86 0
81 87 0
81 88 0
81 89 0
82 12 0.0277253
82 14 0.0578542
82 15 -0.0381109
82 19 -0.00827118
82 20 -0.0423879
82 22 -0.0378677
82 28 0.0410582
82 42 -0.0918803
82 44 -0.0472489
82 45 0.0524319
82 49 0.0603278
82 50 -0.0815919
82 52 0.0216544
82 58 0.086307
82 60 0
82 61 0
82 62 0
82 63 0
82 64 0
82 65 0
82 66 0
82 67 0
82 68 0
82 69 0
82 70 0
82 71 0
82 72 -0.0909988
82 73 0
82 74 0.182873
82 75 -0.00424933
82 76 0
82 77 0
82 78 0
82 79 -0.0539546
82 80 -0.405971
82 81 0
82 82 0.659963
82 83 0
82 84 0
82 85 0
82 86 0
82 87 0
82 88 -0.287662
82 89 0
83 18 -0.0712274
83 21 0.0539848
83 23 0.0517347
83 24 -0.0344922
83 48 -0.139821
83 51 -0.0116507
83 53 0.121812
83 54 0.0296596
83 60 0
83 61 0
83 62 0
83 63 0
83 64 0
83 65 0
83 66 0
83 67 0
83 68 0
83 69 0
83 70 0
83 71 0
83 72 0
83 73 0
83 74 0
83 75 0
83 76 0
83 77 0
83 78 0.275693
83 79 0
83 80 0
83 81 -0.328708
83 82 0
83 83 0.471304
83 84 -0.418289
83 85 0
83 86 0
83 87 0
83 88 0
83 89 0
84 18 -0.0672811
84 23 0.105104
84 24 -0.0946127
84 25 0.0567899
84 48 0.0538647
84 53 0.0488732
84 54 0.0218191
84 55 -0.124557
84 60 0
84 61 0
84 62 0
84 63 0
84 64 0
84 65 0
84 66 0
84 67 0
84 68 0
84 69 0
84 70 0
84 71 0
84 72 0
84 73 0
84 74 0
84 75 0
84 76 0
84 77 0
84 78 0.169052
84 79 0
84 80 0
84 81 0
84 82 0
84 83 -0.363996
84 84 0.678879
84 85 -0.483935
84 86 0
84 87 0
84 88 0
84 89 0
85 18 0.0174017
85 19 0.0243448
85 24 -0.0685677
85 25 -0.00454818
85 29 0.0313694
85 48 -0.0281726
85 49 -0.00126301
85 54 0.049521
85 55 -0.0199736
85 59 -0.000111805
85 60 0
85 61 0
85 62 0
85 63 0
85 64 0
85 65 0
85 66 0
85 67 0
85 68 0
85 69 0
85 70 0
85 71 0
85 72 0
85 73 0
85 74 0
85 75 0
85 76 0
85 77 0
85 78 0.0087074
85 79 0.147128
85 80 0
85 81 0
85 82 0
85 83 0
85 84 -0.510209
85 85 0.665359
85 86 0
85 87 0
85 88 0
85 89 -0.310985
86 19 0.069267
86 26 -0.0190693
86 27 0.0436263
86 28 -0.0938241
86 49 -0.0577817
86 56 0.0476259
86 57 0.0146852
86 58 -0.00452934
86 60 0
86 61 0
86 62 0
86 63 0
86 64 0
86 65 0
86 66 0
86 67 0
86 68 0
86 69 0
86 70 0
86 71 0
86 72 0
86 73 0
86 74 0
86 75 0
86 76 0
86 77 0
86 78 0
86 79 0.246662
86 80 0
86 81 0
86 82 0
86 83 0
86 84 0
86 85 0
86 86 0.568598
86 87 -0.507502
86 88 -0.307758
86 89 0
87 19 0.0329441
87 26 -0.0491573
87 27 0.0191049
87 29 -0.00289176
87 49 0.0780625
87 56 0.00192927
87 57 0.00189193
87 59 -0.0818837
87 60 0
87 61 0
87 62 0
87 63 0
87 64 0
87 65 0
87 66 0
87 67 0
87 68 0
87 69 0
87 70 0
87 71 0
87 72 0
87 73 0
87 74 0
87 75 0
87 76 0
87 77 0
87 78 0
87 79 -0.059441
87 80 0
87 81 0
87 82 0
87 83 0
87 84 0
87 85 0
87 86 -0.470748
87 87 0.909325
87 88 0
87 89 -0.379135
88 19 0.0456728
88 22 -0.041689
88 26 0.0277373
88 28 -0.0317211
88 49 -0.0823205
88 52 -0.0112522
88 56 0.0513139
88 58 0.0422589
88 60 0
88 61 0
88 62 0
88 63 0
88 64 0
88 65 0
88 66 0
88 67 0
88 68 0
88 69 0
88 70 0
88 71 0
88 72 0
88 73 0
88 74 0
88 75 0
88 76 0
88 77 0
88 78 0
88 79 0.0737967
88 80 0
88 81 0
88 82 -0.420688
88 83 0
88 84 0
88 85 0
88 86 -0.471312
88 87 0
88 88 0.818203
88 89 0
89 19 -0.0370511
89 25 -0.0535938
89 27 0.0927492
89 29 -0.00210433
89 49 -0.034478
89 55 0.0195358
89 57 0.0541754
89 59 -0.0392331
89 60 0
89 61 0
89 62 0
89 63 0
89 64 0
89 65 0
89 66 0
89 67 0
89 68 0
89 69 0
89 70 0
89 71 0
89 72 0
89 73 0
89 74 0
89 75 0
89 76 0
89 77 0
89 78 0
89 79 0.175499
89 80 0
89 81 0
89 82 0
89 83 0
89 84 0
89 85 -0.273542
89 86 0
89 87 -0.565609
89 88 0
89 89 0.663651
90 20 1
91 50 1
92 80 1
93 21 1
94 51 1
95 81 1
96 22 1
97 52 1
98 82 1
99 23 1
100 53 1
101 83 1
102 24 1
103 54 1
104 84 1
105 25 1
106 55 1
107 85 1
108 26 1
109 56 1
110 86 1
111 27 1
112 57 1
113 87 1
114 28 1
115 58 1
116 88 1
117 29 1
118 59 1
119 89 1
120 1 1
121 31 1
122 61 1
123 0 1
124 30 1
125 60 1
