0 0 -1.44699
0 1 0.263653
0 2 0.199342
0 3 0.166284
0 4 -0.0331268
0 5 0.00211201
0 6 -0.0375378
0 7 -0.0197179
0 8 0.0146646
0 9 0.239775
0 10 0
0 11 -0.00702094
0 12 0
0 13 -0.025376
0 14 0
0 15 0
0 16 -0.00714905
0 17 0
0 18 0
0 19 0
0 20 0
0 21 0
0 22 0
0 23 0
0 24 0
0 25 0
0 26 0
0 27 0
0 28 0
0 29 0
0 30 -0.00339389
0 31 -0.0244065
0 32 -0.000875532
0 33 -0.0452217
0 34 0.0176734
0 35 0.0308601
0 36 0.0254661
0 37 -0.063344
0 38 -0.0169534
0 39 -0.00477869
0 40 0.0152472
0 41 0.0268869
0 42 0.0366652
0 43 -0.00126828
0 44 0.00218519
0 45 0.0308648
0 46 -0.0166032
0 47 -0.0128148
0 48 -0.0165115
0 49 0.00640504
0 50 -0.00215352
0 51 0.00745833
0 52 0.00664425
0 53 -0.00187888
0 54 0
0 55 0
0 56 0
0 57 0.00153821
0 58 0
0 59 0
0 60 0.00230933
0 61 0
0 62 0
0 63 0
0 64 0
0 65 0
0 66 0
0 67 0
0 68 0
0 69 0
0 70 0
0 71 0
0 72 0
0 73 0
0 74 0
0 75 0
0 76 0
0 77 0
0 78 0
0 79 0
0 80 0
0 81 0
0 82 0
0 83 0
0 84 0
0 85 0
0 86 0
0 87 0
0 88 0
0 89 0
1 1 -1.2758
1 2 -0.000452369
1 3 0.149772
1 4 -0.0766971
1 5 0.121621
1 6 0.232749
1 7 0.00496059
1 8 -0.033721
1 9 0.00860959
1 10 0
1 11 -0.00145092
1 12 0
1 13 -0.00395345
1 14 0.00668462
1 15 0
1 16 -0.0589535
1 17 0
1 18 0
1 19 0
1 20 0
1 21 0
1 22 0
1 23 0
1 24 0
1 25 0
1 26 0
1 27 0
1 28 0
1 29 0
1 30 0.159432
1 31 0.0181547
1 32 0.0550841
1 33 0.0183789
1 34 -0.0272183
1 35 -0.00515549
1 36 0.273857
1 37 -0.139542
1 38 -0.0385034
1 39 0.00383518
1 40 -0.0411046
1 41 -0.0797783
1 42 -0.138453
1 43 -0.163701
1 44 0.0153932
1 45 0.0515427
1 46 -0.0168334
1 47 0.023196
1 48 -0.0219459
1 49 -0.000339059
1 50 -0.00549028
1 51 0.0189829
1 52 0.0167436
1 53 0.00899767
1 54 0.0153311
1 55 -0.00165994
1 56 0
1 57 0.000317881
1 58 0
1 59 0
1 60 0.000477236
1 61 0
1 62 0
1 63 0
1 64 0
1 65 0
1 66 0
1 67 0
1 68 0
1 69 0
1 70 0
1 71 0
1 72 0
1 73 0
1 74 0
1 75 0
1 76 0
1 77 0
1 78 0
1 79 0
1 80 0
1 81 0
1 82 0
1 83 0
1 84 0
1 85 0
1 86 0
1 87 0
1 88 0
1 89 0
2 2 -0.58332
2 3 -0.088294
2 4 -0.0263957
2 5 -0.144122
2 6 0.555823
2 7 0.331072
2 8 -0.0637168
2 9 -0.0330836
2 10 -0.0360438
2 11 -0.0440382
2 12 -0.0513953
2 13 -0.0247665
2 14 -0.0247723
2 15 0
2 16 -0.00239737
2 17 0
2 18 0
2 19 0
2 20 0
2 21 0
2 22 0
2 23 0
2 24 0
2 25 0
2 26 0
2 27 0
2 28 0
2 29 0
2 30 -0.180296
2 31 -0.179487
2 32 0.040022
2 33 0.0245022
2 34 -0.0576845
2 35 0.126033
2 36 -0.24441
2 37 0.277074
2 38 -0.0280317
2 39 0.0208093
2 40 0.0345233
2 41 0.0546106
2 42 0.0921531
2 43 0.00280117
2 44 0.0727804
2 45 -0.15992
2 46 0.0571675
2 47 0.0662966
2 48 0.0270776
2 49 -0.163584
2 50 0.00908006
2 51 0.00253406
2 52 0.00420896
2 53 -0.000649058
2 54 0.00635929
2 55 0.0218279
2 56 0.0050132
2 57 0.00643082
2 58 0.0187747
2 59 0.00845122
2 60 0.0140583
2 61 0.0214731
2 62 0
2 63 0
2 64 0
2 65 0
2 66 0
2 67 0
2 68 0
2 69 0
2 70 0
2 71 0
2 72 0
2 73 0
2 74 0
2 75 0
2 76 0
2 77 0
2 78 0
2 79 0
2 80 0
2 81 0
2 82 0
2 83 0
2 84 0
2 85 0
2 86 0
2 87 0
2 88 0
2 89 0
3 3 -1.02548
3 4 0.521714
3 5 -0.0787569
3 6 -0.0250274
3 7 -0.0721893
3 8 0.00293894
3 9 0.390578
3 10 0.00310336
3 11 -0.0226128
3 12 0.00442513
3 13 0.0449216
3 14 -0.00411119
3 15 -0.0347239
3 16 0.104055
3 17 -0.0190196
3 18 0
3 19 0
3 20 0
3 21 -0.0169342
3 22 0
3 23 0
3 24 0
3 25 0
3 26 0
3 27 0
3 28 0
3 29 0
3 30 0.098185
3 31 0.00944541
3 32 -0.0268303
3 33 -0.073055
3 34 0.0511303
3 35 -0.126032
3 36 0.0742776
3 37 -0.00685216
3 38 0.0809059
3 39 -0.029618
3 40 -0.0540548
3 41 0.0580889
3 42 -0.0212911
3 43 0.0762351
3 44 -0.100568
3 45 0.0334649
3 46 -0.00729778
3 47 -0.0043983
3 48 -0.0170722
3 49 0.0150736
3 50 0.0432994
3 51 -0.0548056
3 52 -0.0725629
3 53 0.0865696
3 54 0.00620997
3 55 -0.0111834
3 56 -0.000431636
3 57 -0.00660237
3 58 -0.0016165
3 59 -0.000727648
3 60 0.00749375
3 61 -0.00184883
3 62 0
3 63 0
3 64 -0.00896919
3 65 0.0058571
3 66 0
3 67 0
3 68 -0.000939212
3 69 -0.0135414
3 70 -0.00606726
3 71 0
3 72 0.000128636
3 73 0
3 74 0
3 75 0
3 76 0
3 77 0
3 78 0
3 79 0
3 80 0
3 81 0
3 82 0
3 83 0
3 84 0
3 85 0
3 86 0
3 87 0
3 88 0
3 89 0
4 4 -0.712726
4 5 0.636164
4 6 -0.103838
4 7 -0.064721
4 8 -0.0269551
4 9 0.225863
4 10 0.00360653
4 11 -0.0144391
4 12 0.0051426
4 13 0.00575372
4 14 -0.000967358
4 15 -0.072147
4 16 0.119884
4 17 -0.0139223
4 18 0
4 19 0
4 20 0
4 21 -0.0123958
4 22 0
4 23 0
4 24 0
4 25 0
4 26 0
4 27 0
4 28 0
4 29 0
4 30 -0.0127354
4 31 0.0866975
4 32 -0.0476267
4 33 0.0583916
4 34 0.0183872
4 35 -0.0587464
4 36 -0.253064
4 37 0.00903229
4 38 0.0208743
4 39 -0.00256232
4 40 -0.0591797
4 41 -0.023039
4 42 0.0348469
4 43 0.311981
4 44 0.0964904
4 45 0.0141435
4 46 -0.00487599
4 47 0.0145195
4 48 -0.0103706
4 49 -0.00231614
4 50 -0.00723214
4 51 -0.0989042
4 52 0.0185834
4 53 -0.0755177
4 54 0.0568357
4 55 -0.0507353
4 56 -0.000501619
4 57 -0.00517679
4 58 -0.00187859
4 59 -0.000845626
4 60 0.00480607
4 61 -0.00214859
4 62 0
4 63 0
4 64 -0.00656543
4 65 0.00428739
4 66 0
4 67 0
4 68 0.00247824
4 69 -0.0239859
4 70 -0.00444122
4 71 0
4 72 9.41611e-05
4 73 0
4 74 0
4 75 0
4 76 0
4 77 0
4 78 0
4 79 0
4 80 0
4 81 0
4 82 0
4 83 0
4 84 0
4 85 0
4 86 0
4 87 0
4 88 0
4 89 0
5 5 -0.744971
5 6 0.144097
5 7 -0.168612
5 8 0.386437
5 9 0.160069
5 10 0.00972473
5 11 -0.00167675
5 12 -0.0254706
5 13 0.005475
5 14 0.0371534
5 15 -0.0859468
5 16 0.222022
5 17 -0.00987816
5 18 0
5 19 0
5 20 0
5 21 -0.00879507
5 22 -0.0252495
5 23 0
5 24 0
5 25 0
5 26 0
5 27 0
5 28 0
5 29 0
5 30 0.0454351
5 31 0.19209
5 32 -0.0492376
5 33 0.0134021
5 34 0.0170625
5 35 -0.0524709
5 36 -0.205001
5 37 -0.0802363
5 38 0.0466443
5 39 -0.00247013
5 40 -0.0109246
5 41 0.00697319
5 42 -0.0704283
5 43 0.234569
5 44 0.0951039
5 45 0.0167458
5 46 -0.0206951
5 47 -0.0503478
5 48 -0.0238231
5 49 0.114913
5 50 -0.00525143
5 51 -0.0286007
5 52 0.0282085
5 53 -0.114873
5 54 -0.0855526
5 55 -0.0235128
5 56 -0.00135258
5 57 -0.00491055
5 58 0.019418
5 59 -0.00228017
5 60 0.000676625
5 61 -0.00820077
5 62 0
5 63 0
5 64 -0.00465831
5 65 0.00304199
5 66 0.0186326
5 67 -0.00900682
5 68 0.0220968
5 69 -0.0180947
5 70 -0.00315114
5 71 0
5 72 6.68093e-05
5 73 0
5 74 0
5 75 0
5 76 0
5 77 0
5 78 0
5 79 0
5 80 0
5 81 0
5 82 0
5 83 0
5 84 0
5 85 0
5 86 0
5 87 0
5 88 0
5 89 0
6 6 -0.837927
6 7 0.153716
6 8 0.473808
6 9 0.00420149
6 10 -0.0227762
6 11 -0.027124
6 12 -0.0566393
6 13 -0.0175029
6 14 -0.044919
6 15 -0.00480241
6 16 -0.00762352
6 17 0.00059463
6 18 0
6 19 0
6 20 0
6 21 0.000529431
6 22 -0.00434213
6 23 0
6 24 0
6 25 0
6 26 0
6 27 0
6 28 0
6 29 0
6 30 -0.0878737
6 31 -0.0773979
6 32 0.0814076
6 33 0.00781344
6 34 -0.0249921
6 35 0.0655881
6 36 -0.0779454
6 37 0.185644
6 38 -0.0146671
6 39 -0.0179834
6 40 0.0302001
6 41 0.00379333
6 42 -5.44637e-05
6 43 -0.025142
6 44 -0.0699648
6 45 -0.0363989
6 46 0.0172196
6 47 -0.0140366
6 48 -0.0101361
6 49 -0.060039
6 50 0.0032944
6 51 0.020272
6 52 0.0118605
6 53 -0.00225604
6 54 0.00340792
6 55 0.0175696
6 56 0.00316786
6 57 0.00427941
6 58 0.0223038
6 59 0.00534036
6 60 0.00865139
6 61 0.0213493
6 62 0
6 63 0
6 64 0.000280413
6 65 -0.000183116
6 66 0.00320423
6 67 -0.00154889
6 68 0.0035209
6 69 0.000265113
6 70 0.000189687
6 71 0
6 72 -4.02166e-06
6 73 0
6 74 0
6 75 0
6 76 0
6 77 0
6 78 0
6 79 0
6 80 0
6 81 0
6 82 0
6 83 0
6 84 0
6 85 0
6 86 0
6 87 0
6 88 0
6 89 0
7 7 -0.959028
7 8 0.373412
7 9 0.302383
7 10 0.324556
7 11 0.0772198
7 12 0.043478
7 13 -0.0444637
7 14 -0.0533833
7 15 0.0218237
7 16 -0.0571653
7 17 0.00420327
7 18 0
7 19 0
7 20 -0.114134
7 21 -0.00683967
7 22 -0.00916782
7 23 0
7 24 0
7 25 0
7 26 0
7 27 0
7 28 0
7 29 0
7 30 -0.06956
7 31 -0.100157
7 32 0.00708737
7 33 0.0117952
7 34 -0.0152716
7 35 0.0453444
7 36 -0.0762753
7 37 0.1666
7 38 -0.0356314
7 39 0.0112879
7 40 0.0262159
7 41 0.0127911
7 42 0.0538211
7 43 -0.0719171
7 44 -0.00814092
7 45 -0.085844
7 46 0.0349413
7 47 -0.00651218
7 48 0.0479008
7 49 -0.0448011
7 50 0.00366671
7 51 0.0198974
7 52 0.000755215
7 53 0.0182759
7 54 0.0152391
7 55 0.0212421
7 56 -0.0040126
7 57 0.068861
7 58 -0.0493443
7 59 -0.0405866
7 60 -0.0476684
7 61 0.104716
7 62 -0.0067198
7 63 -0.00940796
7 64 0.00525703
7 65 -0.00643377
7 66 -0.00591892
7 67 0.00475146
7 68 -0.00341715
7 69 0.00586184
7 70 0.00134085
7 71 0
7 72 -2.84281e-05
7 73 0
7 74 0
7 75 0
7 76 0
7 77 0
7 78 0
7 79 0
7 80 0
7 81 0
7 82 0
7 83 0
7 84 0
7 85 0
7 86 0
7 87 0
7 88 0
7 89 0
8 8 -0.752705
8 9 0.150011
8 10 0.12005
8 11 -0.00258836
8 12 0.0421552
8 13 -0.0285163
8 14 0.3055
8 15 -0.0495924
8 16 0.0703441
8 17 -0.0021876
8 18 0
8 19 0
8 20 -0.0679837
8 21 -0.00719743
8 22 -0.0776775
8 23 0
8 24 0
8 25 0
8 26 0
8 27 0
8 28 0
8 29 0
8 30 -0.0673823
8 31 -0.0422555
8 32 -0.00311688
8 33 0.0114957
8 34 -0.0165233
8 35 0.0113192
8 36 -0.180376
8 37 0.127992
8 38 0.000373939
8 39 0.00229006
8 40 0.0263083
8 41 -0.00378924
8 42 0.100911
8 43 0.0738528
8 44 0.0146299
8 45 -0.0661206
8 46 0.0796407
8 47 -0.0787973
8 48 0.00646129
8 49 0.091057
8 50 0.00106011
8 51 0.0104286
8 52 0.020397
8 53 -0.0158665
8 54 0.00219006
8 55 -0.131283
8 56 0.00352217
8 57 0.0252241
8 58 -0.0583709
8 59 -0.0184345
8 60 -0.0149699
8 61 0.0239385
8 62 0.00448005
8 63 -0.00469768
8 64 0.000593018
8 65 -0.00187593
8 66 -0.00136342
8 67 0.0376327
8 68 0.00644305
8 69 0.0236653
8 70 -0.000697846
8 71 0
8 72 1.47955e-05
8 73 0
8 74 0
8 75 0
8 76 0
8 77 0
8 78 0
8 79 0
8 80 0
8 81 0
8 82 0
8 83 0
8 84 0
8 85 0
8 86 0
8 87 0
8 88 0
8 89 0
9 9 -0.797534
9 10 0.11626
9 11 0.0720331
9 12 -8.57324e-05
9 13 0.269172
9 14 0.043255
9 15 -0.0692858
9 16 0.092122
9 17 -0.0288738
9 18 0
9 19 0
9 20 -0.0685316
9 21 -0.0484458
9 22 -0.0231772
9 23 0
9 24 0
9 25 0
9 26 0
9 27 0
9 28 0
9 29 0
9 30 -0.0877104
9 31 0.0856972
9 32 -0.0329268
9 33 -0.0125051
9 34 0.0526248
9 35 -0.0312659
9 36 -0.11075
9 37 -0.0481843
9 38 0.0618839
9 39 0.027941
9 40 -0.0189403
9 41 0.0324366
9 42 0.0650625
9 43 0.149122
9 44 -0.0057366
9 45 -0.00988653
9 46 -0.029824
9 47 -0.0156282
9 48 0.0506238
9 49 -0.0139038
9 50 -0.00234504
9 51 -0.0332097
9 52 0.0704105
9 53 -0.0152678
9 54 0.00807582
9 55 -0.0420348
9 56 -0.00371005
9 57 0.0227239
9 58 -0.020085
9 59 -0.018531
9 60 -0.0562483
9 61 0.0350639
9 62 -0.00761467
9 63 -0.0035492
9 64 -0.00841035
9 65 -0.011866
9 66 0.00125595
9 67 0.0070641
9 68 0.00645708
9 69 -0.0214173
9 70 -0.00142411
9 71 0
9 72 -0.0134677
9 73 0
9 74 0
9 75 0
9 76 0
9 77 0
9 78 0
9 79 0
9 80 0
9 81 0
9 82 0
9 83 0
9 84 0
9 85 0
9 86 0
9 87 0
9 88 0
9 89 0
10 10 -0.780528
10 11 0.315478
10 12 0.378778
10 13 -0.0169516
10 14 -0.00115642
10 15 -0.0102753
10 16 0.0048378
10 17 -0.00316984
10 18 0
10 19 0
10 20 0.126436
10 21 -0.0697247
10 22 -0.0763628
10 23 0
10 24 0
10 25 0
10 26 0
10 27 0
10 28 0
10 29 0
10 30 -0.0405649
10 31 -0.0220031
10 32 -0.00861024
10 33 0.00359693
10 34 0.00437436
10 35 0.0067786
10 36 -0.065823
10 37 0.0698359
10 38 -0.00281917
10 39 0.0120141
10 40 0.00902619
10 41 0.00714625
10 42 0.0425365
10 43 0.00893817
10 44 -0.00207782
10 45 -0.0384836
10 46 -0.0175851
10 47 -0.0220339
10 48 -0.000384888
10 49 0.0044778
10 50 0.0066726
10 51 0.00319121
10 52 0.0107901
10 53 0.00154472
10 54 -0.00400902
10 55 -0.0139893
10 56 0.0877649
10 57 -0.180122
10 58 0.120943
10 59 0.0750304
10 60 0.173218
10 61 -0.251838
10 62 0.0396969
10 63 0.00108144
10 64 -0.000691315
10 65 -0.00969002
10 66 -0.0301896
10 67 0.0209213
10 68 0.000712147
10 69 0.00248935
10 70 0.000148649
10 71 0
10 72 -0.00201368
10 73 0
10 74 0
10 75 0
10 76 0
10 77 0
10 78 0
10 79 0
10 80 0
10 81 0
10 82 0
10 83 0
10 84 0
10 85 0
10 86 0
10 87 0
10 88 0
10 89 0
11 11 -0.923776
11 12 0.107414
11 13 0.326461
11 14 0.000197267
11 15 -0.0235398
11 16 -0.0177566
11 17 -0.0283835
11 18 0.000559974
11 19 0
11 20 0.308304
11 21 0.251486
11 22 -0.0508308
11 23 -0.00169882
11 24 0
11 25 0
11 26 0
11 27 0
11 28 0
11 29 0
11 30 -0.0157861
11 31 -3.47486e-05
11 32 -0.00572326
11 33 0.0129746
11 34 -0.00969466
11 35 0.0047072
11 36 -0.0211598
11 37 0.0286655
11 38 -0.00112594
11 39 -0.0302224
11 40 0.00340749
11 41 0.00218135
11 42 0.0194678
11 43 0.00216506
11 44 -0.00255352
11 45 -0.0135977
11 46 -0.000945327
11 47 -0.00843705
11 48 0.0157819
11 49 0.00414734
11 50 -0.043002
11 51 0.00956748
11 52 0.0808058
11 53 -0.00757271
11 54 -0.00078407
11 55 -0.0063561
11 56 -0.013088
11 57 -0.0225003
11 58 0.0214157
11 59 -0.0135163
11 60 0.0191411
11 61 -0.0400915
11 62 0.0545255
11 63 -0.0265986
11 64 -0.0079551
11 65 0.0333626
11 66 -0.0409666
11 67 0.0146276
11 68 0.00670322
11 69 -0.00911266
11 70 0.0135599
11 71 0.00304204
11 72 -0.0244348
11 73 0.00545269
11 74 0.0220722
11 75 -0.0125147
11 76 0
11 77 0
11 78 0
11 79 0
11 80 0
11 81 0
11 82 0
11 83 0
11 84 0
11 85 0
11 86 0
11 87 0
11 88 0
11 89 0
12 12 -0.931972
12 13 0.0298725
12 14 0.412413
12 15 -0.0432752
12 16 -0.0155831
12 17 -0.00439313
12 18 6.45394e-05
12 19 -0.00509213
12 20 0.356271
12 21 -0.0297483
12 22 0.20361
12 23 -0.000195796
12 24 0
12 25 0
12 26 0
12 27 0
12 28 -0.011496
12 29 0
12 30 -0.0101535
12 31 -0.005663
12 32 -0.0234135
12 33 0.00181164
12 34 0.000251966
12 35 -0.0044971
12 36 -0.0181235
12 37 0.0324616
12 38 -0.0012648
12 39 0.00174031
12 40 0.00245208
12 41 -0.0185576
12 42 0.0159504
12 43 0.000900258
12 44 0.0149741
12 45 -0.00583095
12 46 0.00173156
12 47 0.0200912
12 48 0.0102682
12 49 -0.0268668
12 50 -0.00241677
12 51 -0.00161122
12 52 0.0126841
12 53 0.0189379
12 54 0.0962301
12 55 -0.0993504
12 56 0.000814582
12 57 -0.0261135
12 58 0.0084585
12 59 0.00278793
12 60 0.0445152
12 61 -0.0206219
12 62 -0.0573862
12 63 -0.0175642
12 64 0.0344049
12 65 0.00418985
12 66 0.0129403
12 67 0.0414889
12 68 -0.00923435
12 69 0.0222477
12 70 0.00167565
12 71 0.000350608
12 72 -0.0036345
12 73 0.000628446
12 74 0.00254392
12 75 -0.00144238
12 76 -0.00993076
12 77 -0.035227
12 78 -0.0017575
12 79 -0.00687044
12 80 0
12 81 0
12 82 0
12 83 0
12 84 0
12 85 0
12 86 0
12 87 0
12 88 0
12 89 0
13 13 -0.995171
13 14 -0.0297148
13 15 0.137208
13 16 0.394384
13 17 0.355197
13 18 -0.0407075
13 19 -0.0187172
13 20 0.122118
13 21 -0.00766137
13 22 -0.0335524
13 23 0.0172754
13 24 0
13 25 0
13 26 0
13 27 0
13 28 -0.00034508
13 29 0
13 30 -0.0194819
13 31 0.0343161
13 32 -0.017969
13 33 -0.0276913
13 34 0.00940805
13 35 -0.0139276
13 36 -0.011593
13 37 -0.0133448
13 38 -0.0120275
13 39 -0.045735
13 40 -0.0151384
13 41 0.0151751
13 42 0.0146178
13 43 0.0506672
13 44 -0.0168117
13 45 0.00438861
13 46 -0.00968181
13 47 -0.00502752
13 48 0.0155481
13 49 0.00237385
13 50 -0.0288855
13 51 -0.00689143
13 52 0.0668836
13 53 0.058489
13 54 0.0202681
13 55 -0.0560026
13 56 -0.00993969
13 57 0.00655689
13 58 0.0028273
13 59 -0.00559342
13 60 -0.0573483
13 61 -0.00641255
13 62 -0.00609575
13 63 -0.0173131
13 64 0.0396173
13 65 0.0290385
13 66 -0.00843122
13 67 0.0050379
13 68 -0.0320434
13 69 0.0396839
13 70 0.0438203
13 71 0.00318247
13 72 0.0126186
13 73 0.0242092
13 74 -0.00199236
13 75 -0.0488603
13 76 0.000537166
13 77 -0.00105743
13 78 -0.00376249
13 79 -0.000206233
13 80 0
13 81 0
13 82 0
13 83 0
13 84 0
13 85 0
13 86 0
13 87 0
13 88 0
13 89 0
14 14 -0.908886
14 15 0.241181
14 16 0.318085
14 17 -0.03448
14 18 -0.0174247
14 19 -0.00841679
14 20 0.156512
14 21 -0.0177237
14 22 0.124015
14 23 -0.00065401
14 24 0
14 25 0
14 26 0
14 27 0
14 28 0.032576
14 29 0
14 30 -0.0148034
14 31 0.00420245
14 32 -0.0261448
14 33 -7.75158e-05
14 34 0.000700478
14 35 -0.0101663
14 36 -0.0535335
14 37 0.030369
14 38 0.0216887
14 39 0.00408512
14 40 0.00337728
14 41 0.0336681
14 42 0.021578
14 43 0.0585033
14 44 -0.0391058
14 45 -0.00978647
14 46 0.0165669
14 47 0.00920023
14 48 0.00674897
14 49 0.0646604
14 50 -0.00534853
14 51 -0.0333627
14 52 0.0646605
14 53 -0.0521954
14 54 0.0776029
14 55 -0.132956
14 56 0.00931733
14 57 -0.00687364
14 58 -0.0643454
14 59 -0.00727729
14 60 0.0161302
14 61 0.0279437
14 62 -0.0298598
14 63 0.00679123
14 64 0.0136489
14 65 0.000256331
14 66 0.00367731
14 67 -0.0161898
14 68 -0.0238507
14 69 -0.0324433
14 70 0.00142773
14 71 0.00154943
14 72 0.00571791
14 73 0.00603004
14 74 0.00122425
14 75 0.000940217
14 76 -0.00134555
14 77 0.00827066
14 78 0.0041072
14 79 0.0350208
14 80 0
14 81 0
14 82 0
14 83 0
14 84 0
14 85 0
14 86 0
14 87 0
14 88 0
14 89 0
15 15 -1.071
15 16 0.365811
15 17 0.341104
15 18 0.205883
15 19 0.251536
15 20 0.00738127
15 21 -0.119837
15 22 0.163605
15 23 -0.0164232
15 24 -0.0184633
15 25 -0.0317219
15 26 -0.0133052
15 27 -0.013608
15 28 -0.0144195
15 29 -0.0113395
15 30 -0.00288367
15 31 -0.0210595
15 32 0.00304814
15 33 -0.0133723
15 34 -0.00557147
15 35 0.0103223
15 36 0.0336911
15 37 0.00832302
15 38 0.0141427
15 39 0.00782385
15 40 0.00345898
15 41 0.0141046
15 42 0.00146135
15 43 -0.0465496
15 44 -0.0431589
15 45 -0.00200425
15 46 0.0037122
15 47 0.0110291
15 48 0.00336489
15 49 -0.00678516
15 50 0.000730024
15 51 0.0226594
15 52 0.0167218
15 53 -0.00814603
15 54 0.0113363
15 55 0.049215
15 56 0.000374804
15 57 0.000193023
15 58 -0.0102733
15 59 -0.00142581
15 60 0.00394373
15 61 -0.00124353
15 62 -0.0162865
15 63 -0.00821844
15 64 0.0148403
15 65 0.0178985
15 66 0.00794215
15 67 0.00244679
15 68 0.000461305
15 69 -0.0155265
15 70 -0.0150721
15 71 0.00720848
15 72 -0.0316579
15 73 -0.0175855
15 74 0.00187966
15 75 -0.00855995
15 76 0.00377215
15 77 -0.0174159
15 78 0.0288387
15 79 -0.00856766
15 80 -0.00241963
15 81 -0.00255456
15 82 0.00154686
15 83 -0.00273373
15 84 0.00139276
15 85 0.000629233
15 86 -0.0047634
15 87 -0.00203361
15 88 0.00439069
15 89 0.00296511
16 16 -0.623895
16 17 0.314865
16 18 0.0550085
16 19 0.0985258
16 20 0.137299
16 21 -0.148163
16 22 0.0337844
16 23 0.00101066
16 24 -0.0108256
16 25 -0.0185996
16 26 -0.00780131
16 27 -0.00797882
16 28 0.00822283
16 29 -0.00664875
16 30 -0.0375206
16 31 0.0648538
16 32 -0.0655748
16 33 0.0417764
16 34 0.0096565
16 35 -0.0540984
16 36 -0.163271
16 37 -0.0144882
16 38 0.0175487
16 39 0.0169731
16 40 0.0328807
16 41 0.0147132
16 42 0.0308181
16 43 0.102384
16 44 0.0825585
16 45 0.00385851
16 46 -0.00244356
16 47 0.00344352
16 48 0.007313
16 49 0.0560048
16 50 0.138398
16 51 -0.0108766
16 52 -0.260805
16 53 0.000390319
16 54 -0.192547
16 55 0.25681
16 56 -0.00077112
16 57 -0.015428
16 58 -0.00335298
16 59 -0.00947407
16 60 -0.00313039
16 61 -0.0301152
16 62 -0.0284405
16 63 -0.0112881
16 64 0.0121825
16 65 0.0638124
16 66 0.0604545
16 67 -0.0610144
16 68 -0.0671576
16 69 -0.00864981
16 70 0.00665599
16 71 0.0104627
16 72 0.0114122
16 73 0.00889203
16 74 -0.000224893
16 75 -0.0350336
16 76 0.00750552
16 77 -0.0057834
16 78 0.00895711
16 79 0.0128727
16 80 -0.00141871
16 81 -0.00149783
16 82 0.000906979
16 83 -0.00160288
16 84 0.000816621
16 85 0.00036894
16 86 -0.00279294
16 87 -0.00119237
16 88 0.00257441
16 89 0.00173854
17 17 -0.858431
17 18 0.479353
17 19 0.0728284
17 20 0.00649221
17 21 0.348846
17 22 0.030593
17 23 -0.047211
17 24 -0.0327179
17 25 -0.0391016
17 26 -0.00814839
17 27 -0.0083338
17 28 -0.00410607
17 29 -0.00694456
17 30 -0.0214222
17 31 0.0224168
17 32 -0.0257452
17 33 0.00282256
17 34 0.00399016
17 35 -0.0156142
17 36 -0.0395352
17 37 -0.00695279
17 38 0.00395402
17 39 0.00225216
17 40 0.00987919
17 41 0.0139147
17 42 0.0147188
17 43 0.0225407
17 44 0.00739851
17 45 0.00234135
17 46 -0.00254327
17 47 0.00457944
17 48 0.00893769
17 49 0.0145708
17 50 0.00305078
17 51 0.00583152
17 52 -0.0777236
17 53 0.0128365
17 54 -0.0624854
17 55 0.0926427
17 56 -0.00438482
17 57 0.0126209
17 58 -0.00231463
17 59 -0.00537677
17 60 -0.00892093
17 61 -0.0134975
17 62 -0.0273413
17 63 -0.0191756
17 64 0.0103643
17 65 0.0495298
17 66 0.0243125
17 67 -0.0221062
17 68 0.00759963
17 69 0.0069705
17 70 0.00608904
17 71 0.0183323
17 72 0.00353513
17 73 -0.032422
17 74 0.0139264
17 75 0.000888066
17 76 -0.00155179
17 77 -0.00963111
17 78 0.0131671
17 79 -0.000139676
17 80 -0.00642196
17 81 -0.00481479
17 82 -0.00729779
17 83 -0.000175986
17 84 0.000852953
17 85 0.000385355
17 86 -0.0029172
17 87 -0.00124542
17 88 0.00268895
17 89 0.00181589
18 18 -0.971243
18 19 0.394229
18 20 -0.037458
18 21 0.197006
18 22 -0.00293645
18 23 0.340819
18 24 0.0563391
18 25 0.0773048
18 26 -0.0219017
18 27 -0.0225493
18 28 -0.0250257
18 29 -0.0159585
18 30 -0.0122368
18 31 0.0087586
18 32 -0.0145569
18 33 0.00209413
18 34 0.000922758
18 35 -0.00781363
18 36 -0.0201849
18 37 -0.00245462
18 38 0.00605762
18 39 0.00555762
18 40 0.00804736
18 41 0.00945071
18 42 0.00833214
18 43 0.00388422
18 44 0.000584365
18 45 0.000932648
18 46 -0.000498568
18 47 0.00483525
18 48 0.00477567
18 49 0.00766606
18 50 0.0198595
18 51 0.00523996
18 52 -0.0524693
18 53 -0.00043938
18 54 -0.0409305
18 55 0.0682194
18 56 -0.00188638
18 57 0.0223201
18 58 -0.0024612
18 59 -0.00313512
18 60 0.00606429
18 61 -0.00888793
18 62 0.00442424
18 63 0.00209265
18 64 -0.132752
18 65 -0.0451199
18 66 0.0117065
18 67 -0.0177993
18 68 0.0025121
18 69 0.00137048
18 70 -0.0158176
18 71 0.00879895
18 72 -0.00350545
18 73 0.000565771
18 74 -0.0202847
18 75 0.0487468
18 76 0.033151
18 77 -0.0168435
18 78 -0.0300765
18 79 0.000851224
18 80 0.112498
18 81 0.0567995
18 82 -0.0543739
18 83 -0.0381981
18 84 0.0623806
18 85 0.00286135
18 86 -0.00863805
18 87 -0.00405233
18 88 0.00765361
18 89 0.0054008
19 19 -0.955956
19 20 -0.032272
19 21 0.0353824
19 22 0.165848
19 23 0.11064
19 24 -0.0102462
19 25 0.112526
19 26 -0.0547493
19 27 0.145112
19 28 0.364348
19 29 0.0930853
19 30 -0.0107384
19 31 0.00578391
19 32 -0.0132142
19 33 0.00239895
19 34 2.20626e-05
19 35 -0.00688526
19 36 -0.0185037
19 37 -0.0010242
19 38 0.00838059
19 39 0.00712172
19 40 0.0086239
19 41 0.00969047
19 42 0.00755708
19 43 0.000110947
19 44 -0.00144893
19 45 0.000464598
19 46 0.000360044
19 47 0.00551025
19 48 0.00387092
19 49 0.00778561
19 50 0.0220137
19 51 0.0054805
19 52 -0.0466136
19 53 -0.00403314
19 54 -0.045259
19 55 0.0754272
19 56 -0.000984597
19 57 0.00869808
19 58 0.00330526
19 59 -0.0028954
19 60 0.00328001
19 61 -0.00966835
19 62 0.0170301
19 63 -0.00751277
19 64 -0.0416822
19 65 -0.00280838
19 66 0.0680483
19 67 0.0153431
19 68 -0.0145856
19 69 0.0206857
19 70 -0.0064217
19 71 -0.0214974
19 72 -0.00273926
19 73 0.0140727
19 74 -0.00336669
19 75 0.0115691
19 76 0.00828355
19 77 0.0353156
19 78 0.012781
19 79 -0.0551534
19 80 0.035004
19 81 0.0321679
19 82 -0.143962
19 83 -0.00617337
19 84 0.0879127
19 85 0.0288514
19 86 -0.0475316
19 87 0.0182046
19 88 -0.0284208
19 89 -0.0480321
20 20 -1.36998
20 21 0.325109
20 22 0.392219
20 23 -0.0347605
20 24 -0.00263853
20 25 -0.00698466
20 26 0.000996396
20 27 -0.00371423
20 28 -0.0549402
20 29 -0.00251677
20 30 -0.00312794
20 31 0.0122986
20 32 -0.0175168
20 33 0.00433252
20 34 0.00150071
20 35 -0.00972707
20 36 -0.0172344
20 37 0.00444849
20 38 0.00190805
20 39 -0.00809669
20 40 0.00166941
20 41 0.000153089
20 42 0.00623721
20 43 0.0176213
20 44 0.00549538
20 45 0.002423
20 46 -0.00341877
20 47 0.00354322
20 48 -0.00541097
20 49 0.00654244
20 50 0.0131102
20 51 -0.00412376
20 52 0.0190348
20 53 0.00280551
20 54 0.014237
20 55 -0.00590069
20 56 -0.00326588
20 57 -0.0665046
20 58 0.0732467
20 59 0.0289247
20 60 0.0133993
20 61 -0.0335825
20 62 0.0238144
20 63 -0.0209279
20 64 -0.168419
20 65 0.0743291
20 66 0.166323
20 67 -0.0453437
20 68 -0.00551791
20 69 0.0137759
20 70 0.0171381
20 71 -0.0091899
20 72 -0.0103397
20 73 -0.021576
20 74 0.0423395
20 75 0.034739
20 76 -0.0172688
20 77 -0.0793451
20 78 -0.00354652
20 79 -0.0434987
20 80 -0.00408616
20 81 -0.00249747
20 82 0.00494258
20 83 0.00101363
20 84 -0.00368314
20 85 -0.000715682
20 86 0.00103647
20 87 -0.000454396
20 88 0.000754635
20 89 0.00118262
21 21 -1.23141
21 22 0.0176262
21 23 0.316701
21 24 -0.0766345
21 25 -0.00549524
21 26 -0.00488887
21 27 -0.000495202
21 28 -0.00897812
21 29 -0.000606751
21 30 -0.00206662
21 31 0.00153667
21 32 -0.0041516
21 33 0.00696022
21 34 0.000936067
21 35 0.00162391
21 36 0.00633277
21 37 0.00135603
21 38 -0.00476575
21 39 -0.00517343
21 40 0.00252887
21 41 0.000599904
21 42 0.00129339
21 43 -0.00914326
21 44 -0.00234508
21 45 0.00136716
21 46 0.00114495
21 47 0.00199452
21 48 0.00196075
21 49 0.000757208
21 50 -0.0774896
21 51 0.0103403
21 52 0.00797673
21 53 -0.00178109
21 54 -0.00368849
21 55 0.00937877
21 56 -0.0102367
21 57 0.00962824
21 58 -0.0145369
21 59 0.00173259
21 60 -0.0217102
21 61 0.00731259
21 62 0.099898
21 63 0.0772039
21 64 -0.00361864
21 65 -0.0816569
21 66 -0.0190892
21 67 -0.00039817
21 68 0.003389
21 69 -0.000807469
21 70 0.00949988
21 71 0.11186
21 72 0.0193492
21 73 0.0697336
21 74 -0.188759
21 75 -0.0868981
21 76 -0.00678795
21 77 -0.0222273
21 78 -0.00637368
21 79 -0.0140242
21 80 0.104672
21 81 0.0348343
21 82 -0.0224137
21 83 -0.00738819
21 84 0.0115414
21 85 0.00110136
21 86 -0.00250086
21 87 -0.000256645
21 88 0.000631781
21 89 -0.00018716
22 22 -1.28699
22 23 0.00356313
22 24 -0.0067116
22 25 -0.00571758
22 26 -0.106759
22 27 0.00211268
22 28 0.39921
22 29 -0.00105899
22 30 0.00185436
22 31 0.00218701
22 32 -0.0126069
22 33 0.00061715
22 34 4.35257e-06
22 35 -0.00584179
22 36 0.00628038
22 37 -0.00220188
22 38 0.00460118
22 39 0.00158979
22 40 0.00229087
22 41 -0.00412249
22 42 -0.00111687
22 43 -0.00474844
22 44 -0.00392327
22 45 0.00613218
22 46 -0.00062268
22 47 0.00530245
22 48 -0.00041352
22 49 -0.00474135
22 50 0.00702698
22 51 -0.00772448
22 52 -0.0022389
22 53 0.00167198
22 54 0.0498131
22 55 -0.0239322
22 56 0.00273471
22 57 0.0219313
22 58 -0.0474065
22 59 -0.00804552
22 60 -0.00141905
22 61 0.0150981
22 62 -0.143611
22 63 -0.0619367
22 64 0.0179613
22 65 0.0163284
22 66 0.0361768
22 67 0.0629565
22 68 -0.00761152
22 69 -0.0325737
22 70 -0.000535989
22 71 0.00139108
22 72 -0.000676286
22 73 -0.0058461
22 74 0.0101953
22 75 0.0104203
22 76 -0.0511088
22 77 0.175848
22 78 -0.00237012
22 79 0.0639992
22 80 0.00394489
22 81 0.00325318
22 82 -0.00664823
22 83 -0.00416875
22 84 0.0150269
22 85 0.00443451
22 86 -0.0748688
22 87 0.00367795
22 88 -0.0293658
22 89 -0.00232214
23 23 -1.33483
23 24 0.35515
23 25 -0.0217242
23 26 -0.0111549
23 27 0.00671138
23 28 0.0244862
23 29 0.00393974
23 30 -0.00387693
23 31 0.00272418
23 32 -0.00476017
23 33 0.00199494
23 34 0.000488908
23 35 -0.00173904
23 36 -0.00395346
23 37 -0.000607909
23 38 0.000607952
23 39 0.000278188
23 40 0.00276281
23 41 0.00286888
23 42 0.00253153
23 43 -0.00116273
23 44 -0.000546382
23 45 0.000578807
23 46 0.000171519
23 47 0.00172956
23 48 0.00196956
23 49 0.00220754
23 50 0.0123458
23 51 0.0037542
23 52 -0.01498
23 53 -0.000501744
23 54 -0.013179
23 55 0.0216604
23 56 -0.00286644
23 57 0.00236667
23 58 -0.00559208
23 59 -0.0012556
23 60 0.0086437
23 61 6.35302e-06
23 62 -0.0302647
23 63 0.0217143
23 64 0.176312
23 65 0.0188939
23 66 -0.00110697
23 67 -0.00126452
23 68 -0.00216874
23 69 0.00278954
23 70 -0.0233443
23 71 0.0142954
23 72 -0.00515139
23 73 0.0468472
23 74 -0.0420279
23 75 -0.0361302
23 76 0.00547782
23 77 -0.00357344
23 78 -0.00676654
23 79 -0.00627664
23 80 -0.183256
23 81 -0.0616849
23 82 0.0664532
23 83 0.0157108
23 84 0.0260419
23 85 0.00339266
23 86 -0.00680579
23 87 0.000503171
23 88 -0.000496847
23 89 -0.00278304
24 24 -1.35804
24 25 0.490795
24 26 -0.00217178
24 27 0.000198934
24 28 0.00148624
24 29 -0.0601533
24 30 -0.000472581
24 31 0.000139985
24 32 -0.000316915
24 33 -3.29678e-05
24 34 1.28516e-05
24 35 -0.000103777
24 36 -0.000290637
24 37 -0.000157522
24 38 0.000162122
24 39 0.000253463
24 40 0.000286889
24 41 0.000411161
24 42 0.00025096
24 43 -0.000364924
24 44 -0.000216263
24 45 1.44738e-05
24 46 -3.15294e-06
24 47 0.000177963
24 48 0.000266532
24 49 9.93578e-05
24 50 0.00701234
24 51 0.000258644
24 52 -0.00249442
24 53 -0.000233837
24 54 -0.00198263
24 55 0.00257789
24 56 -0.000143272
24 57 0.000773062
24 58 -0.000455005
24 59 -0.00032634
24 60 0.00387967
24 61 -0.000133982
24 62 -0.0117266
24 63 0.00247597
24 64 -0.0418079
24 65 -0.0092264
24 66 -0.000917616
24 67 -0.000399748
24 68 0.00142568
24 69 0.00464547
24 70 -0.00422065
24 71 -0.0681278
24 72 -0.000382718
24 73 -0.143241
24 74 0.223814
24 75 0.119107
24 76 0.0102698
24 77 -0.000845425
24 78 0.0033803
24 79 -0.00061317
24 80 -0.0532554
24 81 0.0826386
24 82 -0.171389
24 83 -0.0289247
24 84 0.112086
24 85 -0.0325373
24 86 -0.00111314
24 87 -0.00010953
24 88 0.000365025
24 89 -0.000219542
25 25 -1.3637
25 26 -0.0113492
25 27 -0.0658563
25 28 0.0193289
25 29 0.381759
25 30 -0.000478436
25 31 -0.000135032
25 32 -0.000232823
25 33 -0.000119471
25 34 -7.70256e-05
25 35 -7.50576e-06
25 36 -9.95225e-05
25 37 -8.63266e-05
25 38 0.000392018
25 39 0.000567072
25 40 0.000386492
25 41 0.000523959
25 42 0.000237061
25 43 -0.00087689
25 44 -0.000492027
25 45 -2.95736e-05
25 46 3.29866e-05
25 47 0.000282031
25 48 0.00024194
25 49 3.71014e-05
25 50 0.00349288
25 51 0.00024843
25 52 -0.0022033
25 53 -0.000631969
25 54 -0.0026712
25 55 0.00346277
25 56 -2.00412e-05
25 57 0.00227745
25 58 0.000291799
25 59 -0.000318929
25 60 0.00210457
25 61 -0.000444022
25 62 -0.000453936
25 63 0.000994623
25 64 -0.0204515
25 65 -0.0104887
25 66 -0.00654645
25 67 0.00206535
25 68 -0.000345117
25 69 0.00258655
25 70 0.00290489
25 71 -0.00503831
25 72 -0.00217992
25 73 0.0097077
25 74 -0.00779086
25 75 -0.00983137
25 76 0.0853887
25 77 -0.00568182
25 78 -0.0253234
25 79 -0.00264276
25 80 0.187996
25 81 -0.0609208
25 82 -0.0775309
25 83 0.0590583
25 84 -0.264498
25 85 0.0642456
25 86 -0.00981337
25 87 0.117821
25 88 0.00130119
25 89 -0.0301878
26 26 -1.37002
26 27 0.542985
26 28 0.311723
26 29 -0.112753
26 30 0.000890701
26 31 -0.000857505
26 32 0.00228338
26 33 -0.000339132
26 34 -4.61949e-05
26 35 0.00115748
26 36 0.00140874
26 37 0.000299085
26 38 -0.00104115
26 39 -0.000678153
26 40 -0.000965343
26 41 -0.000550992
26 42 -0.000648443
26 43 0.000101257
26 44 0.000280545
26 45 -0.000535369
26 46 2.68568e-05
26 47 -0.000885894
26 48 -0.000355688
26 49 -0.00042027
26 50 -0.00241262
26 51 3.34064e-05
26 52 0.00479059
26 53 5.65383e-05
26 54 9.53425e-05
26 55 -0.00497813
26 56 -5.88832e-05
26 57 -0.0025246
26 58 0.00388305
26 59 0.000920788
26 60 -9.16055e-05
26 61 -0.00043091
26 62 0.010852
26 63 0.00487168
26 64 0.00080372
26 65 -0.000977516
26 66 0.063484
26 67 0.00247854
26 68 0.00493891
26 69 -0.000863972
26 70 0.000774784
26 71 0.00417889
26 72 0.00042369
26 73 -0.00366432
26 74 0.000320864
26 75 -0.00125411
26 76 0.034154
26 77 -0.243126
26 78 0.00316021
26 79 -0.0738417
26 80 -0.00379225
26 81 -0.00163526
26 82 0.0134318
26 83 -0.00283272
26 84 -0.0664787
26 85 -0.0278921
26 86 0.00714364
26 87 0.175391
26 88 0.0393903
26 89 0.0621534
27 27 -1.42766
27 28 0.11154
27 29 0.419818
27 30 -0.000181838
27 31 -0.000179392
27 32 0.000259611
27 33 -3.86032e-05
27 34 -5.24254e-05
27 35 0.000167153
27 36 -0.000166152
27 37 7.64438e-05
27 38 9.25037e-05
27 39 0.000195988
27 40 0.000101275
27 41 0.000310914
27 42 0.000100489
27 43 -0.000286409
27 44 -0.000142205
27 45 -0.00018087
27 46 5.46644e-05
27 47 -1.1246e-05
27 48 6.85476e-05
27 49 0.000161432
27 50 0.000109094
27 51 0.000299698
27 52 -0.000360057
27 53 -0.000358413
27 54 -0.00248579
27 55 0.00216983
27 56 -6.28217e-05
27 57 -0.000309602
27 58 0.00168637
27 59 0.000124357
27 60 0.00014941
27 61 -0.000619614
27 62 0.0058302
27 63 0.0013021
27 64 0.00012811
27 65 -0.000330467
27 66 0.0288732
27 67 0.00101095
27 68 0.0021004
27 69 -0.00103034
27 70 -0.000330299
27 71 0.00136488
27 72 0.000250895
27 73 -0.00333698
27 74 0.000165674
27 75 0.00045665
27 76 -0.00619388
27 77 0.0373302
27 78 0.0779644
27 79 -0.00596162
27 80 -0.00915361
27 81 0.00434239
27 82 -0.112358
27 83 0.0352022
27 84 0.171183
27 85 -0.00860458
27 86 -0.170097
27 87 0.0515573
27 88 -0.106708
27 89 0.0043501
28 28 -1.32196
28 29 0.0326808
28 30 -0.0023154
28 31 0.00210583
28 32 -0.00674607
28 33 0.000919034
28 34 3.4886e-05
28 35 -0.00347442
28 36 -0.00432359
28 37 -0.000720313
28 38 0.00380835
28 39 0.00269041
28 40 0.00286978
28 41 0.00207564
28 42 0.00174527
28 43 0.000312981
28 44 -0.0018992
28 45 0.00156802
28 46 0.000417465
28 47 0.00263432
28 48 0.00107936
28 49 0.0024514
28 50 0.00826285
28 51 -0.00185284
28 52 -0.0126862
28 53 -0.00215331
28 54 -0.0177138
28 55 0.00920382
28 56 0.000952544
28 57 0.0106715
28 58 0.0105566
28 59 -0.0044116
28 60 0.000128063
28 61 0.000470804
28 62 0.0442375
28 63 -0.0133241
28 64 0.00650161
28 65 0.0024145
28 66 -0.160915
28 67 -0.0300403
28 68 0.0124326
28 69 0.0142118
28 70 -0.00245287
28 71 0.000965227
28 72 -2.66472e-05
28 73 0.00058579
28 74 0.00144954
28 75 0.00354386
28 76 -0.0193154
28 77 -0.00227669
28 78 -0.0270432
28 79 0.0284021
28 80 0.00583355
28 81 0.00671413
28 82 -0.0388855
28 83 -0.0019952
28 84 0.0268984
28 85 0.00311558
28 86 0.187993
28 87 -0.0770839
28 88 0.0661934
28 89 -0.0447963
29 29 -1.29986
29 30 -0.000606327
29 31 4.40918e-05
29 32 -0.000627055
29 33 3.43734e-05
29 34 -6.89844e-05
29 35 -0.000240662
29 36 -0.000611869
29 37 -5.1287e-05
29 38 0.000611711
29 39 0.000636888
29 40 0.000558564
29 41 0.000652015
29 42 0.000376359
29 43 -0.000641346
29 44 -0.00045676
29 45 1.65795e-05
29 46 6.8374e-05
29 47 0.000404114
29 48 0.000258782
29 49 0.000312366
29 50 0.00179812
29 51 0.000284078
29 52 -0.00255715
29 53 -0.000640007
29 54 -0.00357437
29 55 0.00468
29 56 -1.35522e-05
29 57 0.00149264
29 58 0.000852684
29 59 -0.000362483
29 60 0.000699231
29 61 -0.000572035
29 62 0.00399462
29 63 -0.00037056
29 64 -0.00469133
29 65 -0.00307087
29 66 -0.00285809
29 67 0.0019946
29 68 -0.0015414
29 69 0.00220275
29 70 0.000504207
29 71 -0.045783
29 72 -0.000537195
29 73 0.0236943
29 74 -0.0127947
29 75 -0.00771951
29 76 -0.0196134
29 77 0.0304975
29 78 0.00235781
29 79 0.00192581
29 80 -0.055882
29 81 -0.00205432
29 82 0.267845
29 83 -0.0498414
29 84 -0.0222832
29 85 -0.0189528
29 86 0.00178073
29 87 -0.14085
29 88 0.00967503
29 89 0.0396143
30 30 -1.46068
30 31 0.228853
30 32 0.235063
30 33 0.194122
30 34 0.260783
30 35 -0.0205937
30 36 0.158371
30 37 -0.0680743
30 38 0.00348968
30 39 -0.0425273
30 40 -0.0516576
30 41 0.0117721
30 42 -0.0532742
30 43 -0.0211178
30 44 -0.00671572
30 45 0.0116615
30 46 -0.00794975
30 47 0.0220963
30 48 -0.0371555
30 49 0.00460408
30 50 -0.0325157
30 51 -0.011869
30 52 0.0115081
30 53 0.00822596
30 54 0.00164658
30 55 -0.00345116
30 56 -0.00275061
30 57 -0.017857
30 58 6.72933e-06
30 59 0.00091961
30 60 0.00593659
30 61 -0.00391947
30 62 0.00030685
30 63 0.00186684
30 64 -0.000423533
30 65 -0.00101506
30 66 -0.000587416
30 67 -0.00135252
30 68 0.00219496
30 69 -0.00180672
30 70 -0.00122098
30 71 -0.000692197
30 72 0.000714455
30 73 -0.000427334
30 74 -1.53351e-05
30 75 0.00131691
30 76 -0.000444371
30 77 0.000655092
30 78 -0.000228469
30 79 -9.59178e-05
30 80 -0.000743891
30 81 -0.000492382
30 82 0.00148433
30 83 0.000383584
30 84 -0.00130847
30 85 -0.00027937
30 86 0.000200432
30 87 0.000200326
30 88 -8.00672e-05
30 89 0.000334777
31 31 -1.47385
31 32 0.189304
31 33 0.16977
31 34 0.0213943
31 35 -0.0394129
31 36 0.0230552
31 37 0.0257419
31 38 -0.0389663
31 39 0.00218904
31 40 0.166543
31 41 0.129581
31 42 0.150703
31 43 -0.00233342
31 44 -0.0170752
31 45 0.0579688
31 46 0.0222471
31 47 -0.0407719
31 48 -0.0349851
31 49 0.0191253
31 50 -0.0111875
31 51 -0.0771528
31 52 0.00247367
31 53 0.0189952
31 54 -0.0266817
31 55 0.00579716
31 56 -0.00313331
31 57 -0.00676173
31 58 0.00134636
31 59 -0.000877037
31 60 -0.00468414
31 61 -0.00939783
31 62 -0.00191981
31 63 -0.000330041
31 64 -0.00267579
31 65 0.00476856
31 66 0.00730221
31 67 -0.00612853
31 68 -0.000122344
31 69 -0.00563492
31 70 0.000537146
31 71 0.000633594
31 72 0.000599267
31 73 0.000680148
31 74 0.000103129
31 75 -0.00182963
31 76 0.000189063
31 77 -0.00017352
31 78 -0.000150374
31 79 0.000372187
31 80 0.000294744
31 81 0.000214362
31 82 -0.000670818
31 83 -0.000217339
31 84 0.00068376
31 85 0.000120163
31 86 -0.000137583
31 87 -0.000195035
31 88 6.02732e-05
31 89 -0.000138347
32 32 -0.778178
32 33 -0.0487222
32 34 0.0971653
32 35 -0.0515928
32 36 -0.140414
32 37 0.0209911
32 38 0.0250512
32 39 0.0143927
32 40 0.0110416
32 41 -0.123065
32 42 0.462746
32 43 -0.0384813
32 44 0.0400363
32 45 -0.0287648
32 46 0.204238
32 47 0.0271962
32 48 0.0651382
32 49 -0.0131308
32 50 -0.0579348
32 51 -0.00547058
32 52 0.0385623
32 53 0.0166577
32 54 -0.0239033
32 55 0.00358682
32 56 -0.0432711
32 57 -0.0638425
32 58 -0.0589284
32 59 0.00559181
32 60 0.0226
32 61 0.0188916
32 62 0.00585913
32 63 0.00415154
32 64 0.00260895
32 65 -0.00800119
32 66 -0.00889722
32 67 0.00317377
32 68 0.00667706
32 69 0.00173448
32 70 -0.00135182
32 71 -0.00190231
32 72 -0.000171612
32 73 -0.000838158
32 74 -0.000155537
32 75 0.00262597
32 76 0.000387296
32 77 -0.000210798
32 78 -0.000368039
32 79 -0.00150645
32 80 -0.00199296
32 81 -0.00131016
32 82 0.00384373
32 83 0.00105559
32 84 -0.00368136
32 85 -0.000824763
32 86 0.000890009
32 87 0.00114077
32 88 -2.54293e-06
32 89 0.0011655
33 33 -1.04642
33 34 0.32032
33 35 0.0354723
33 36 0.0996515
33 37 -0.0439285
33 38 -0.0114819
33 39 0.00775575
33 40 0.427021
33 41 -0.00024954
33 42 0.0327089
33 43 0.0392912
33 44 -0.0429552
33 45 -0.0263868
33 46 -0.0316311
33 47 -0.00159814
33 48 -0.0152045
33 49 0.00334218
33 50 0.120205
33 51 0.0595839
33 52 -0.0328882
33 53 -0.0368292
33 54 -0.0198485
33 55 0.00852209
33 56 0.00142491
33 57 -0.0396839
33 58 0.00366447
33 59 -0.000482159
33 60 0.0128882
33 61 -0.0041152
33 62 0.000116991
33 63 9.3214e-05
33 64 -0.0203364
33 65 0.0101549
33 66 0.00426502
33 67 -0.0036546
33 68 -0.0293368
33 69 -0.0029576
33 70 -0.0164751
33 71 0.00109503
33 72 0.00345934
33 73 0.000489737
33 74 -0.00085166
33 75 -0.000698631
33 76 5.66145e-05
33 77 -0.00021985
33 78 -5.58979e-05
33 79 0.000403867
33 80 0.000582286
33 81 0.000267942
33 82 -0.000471696
33 83 -0.000160433
33 84 0.000567904
33 85 0.000104273
33 86 -0.000110524
33 87 -0.000183924
33 88 3.76515e-05
33 89 -0.000135414
34 34 0.971029
34 35 -0.0254545
34 36 -0.0458315
34 37 0.0880801
34 38 -0.0264763
34 39 -0.0154175
34 40 -0.0929399
34 41 0.0023194
34 42 -0.0804352
34 43 -0.0257967
34 44 0.0165527
34 45 -0.0161258
34 46 -0.342155
34 47 0.0438672
34 48 -0.0307892
34 49 0.00401017
34 50 -0.275616
34 51 0.0221942
34 52 0.0397592
34 53 0.00993854
34 54 0.0119171
34 55 -0.000393171
34 56 0.0355168
34 57 -0.100936
34 58 0.0232382
34 59 -0.00104411
34 60 0.0405018
34 61 0.00555052
34 62 0.0104321
34 63 -0.00578118
34 64 0.0422482
34 65 -0.0180635
34 66 -0.00204319
34 67 0.00264139
34 68 0.0240669
34 69 0.00886825
34 70 0.0257058
34 71 -0.000249841
34 72 -0.00484374
34 73 -0.000272955
34 74 0.000644754
34 75 0.000296681
34 76 1.57102e-05
34 77 8.46143e-05
34 78 0.000222951
34 79 -8.38615e-05
34 80 0.000127969
34 81 0.000130709
34 82 -0.000536433
34 83 -0.000112487
34 84 0.00041492
34 85 0.00011609
34 86 -9.334e-05
34 87 -8.03188e-05
34 88 -1.69497e-05
34 89 -0.000165607
35 35 -1.45227
35 36 0.195357
35 37 0.284817
35 38 0.20772
35 39 0.253109
35 40 0.00531247
35 41 -0.00429165
35 42 -0.00578293
35 43 -0.0657537
35 44 -0.0108824
35 45 -0.0789991
35 46 0.0251756
35 47 -0.00134376
35 48 -0.0014076
35 49 0.0123015
35 50 -0.00780951
35 51 0.007989
35 52 -0.0148617
35 53 -0.0107361
35 54 0.00914141
35 55 -0.00206388
35 56 0.00222904
35 57 0.002022
35 58 0.00310098
35 59 0.000648007
35 60 -0.014969
35 61 0.00566127
35 62 0.00205874
35 63 0.000854407
35 64 0.00099412
35 65 -0.00346555
35 66 -0.004426
35 67 0.00323996
35 68 0.000798364
35 69 0.00331916
35 70 -0.000669693
35 71 -0.000244718
35 72 -0.000373638
35 73 -0.000210477
35 74 -0.000460213
35 75 0.000913745
35 76 -4.82941e-05
35 77 -0.000209709
35 78 -3.11769e-05
35 79 -0.000549805
35 80 -0.000239154
35 81 -0.000222397
35 82 0.000837296
35 83 0.00023746
35 84 -0.000799372
35 85 -0.000176497
35 86 0.000177349
35 87 0.000277926
35 88 -2.57425e-05
35 89 0.000248009
36 36 -1.31862
36 37 0.0482732
36 38 0.155394
36 39 -0.0130552
36 40 0.0945109
36 41 0.00520539
36 42 -0.199518
36 43 -0.0400044
36 44 0.0724272
36 45 0.297824
36 46 -0.0090828
36 47 0.0252918
36 48 0.0112927
36 49 -0.0398571
36 50 -0.00885486
36 51 -0.0102916
36 52 0.00155368
36 53 -0.0219072
36 54 0.0248794
36 55 -0.0114726
36 56 -0.00152814
36 57 0.00801775
36 58 0.00624272
36 59 0.00239071
36 60 -0.00788971
36 61 -0.000909927
36 62 0.00200433
36 63 0.00425511
36 64 0.000247252
36 65 -0.00755529
36 66 -0.0106509
36 67 0.0030756
36 68 0.000739941
36 69 0.00476171
36 70 -0.00295666
36 71 -0.000793944
36 72 -0.000196227
36 73 -0.000809997
36 74 -0.00187628
36 75 0.00296646
36 76 -0.00128421
36 77 0.00203534
36 78 -0.000495907
36 79 -0.00161285
36 80 -0.000648964
36 81 -0.000626037
36 82 0.00253502
36 83 0.000670514
36 84 -0.0022009
36 85 -0.000457972
36 86 0.000109939
36 87 0.000379671
36 88 -0.000325595
36 89 0.000520949
37 37 -0.587648
37 38 -0.104205
37 39 0.171441
37 40 -0.021398
37 41 -0.0326536
37 42 0.251509
37 43 -0.0778357
37 44 -0.184859
37 45 0.399348
37 46 -0.0778828
37 47 0.029605
37 48 0.315823
37 49 -0.126994
37 50 -0.0637946
37 51 0.0153435
37 52 -0.0273981
37 53 0.0078337
37 54 0.0243357
37 55 -0.0569734
37 56 0.0157024
37 57 -0.0336804
37 58 -0.0149323
37 59 -0.0503468
37 60 -0.0550865
37 61 -0.044715
37 62 0.00698564
37 63 -0.004346
37 64 0.0115417
37 65 -0.00881841
37 66 -0.0121924
37 67 0.0180463
37 68 0.00524433
37 69 0.0130639
37 70 0.00513112
37 71 -0.000266952
37 72 -0.00255568
37 73 -0.000242829
37 74 0.000898463
37 75 0.00164661
37 76 -0.000887547
37 77 -0.002897
37 78 0.000346111
37 79 -4.53617e-05
37 80 -0.000253239
37 81 -0.000284052
37 82 0.0010845
37 83 0.000321252
37 84 -0.00104103
37 85 -0.000213571
37 86 0.00028894
37 87 0.000344269
37 88 -6.67499e-06
37 89 0.000292136
38 38 -0.985871
38 39 0.307206
38 40 -0.0014446
38 41 0.000161812
38 42 -0.0485467
38 43 0.461031
38 44 -0.0434902
38 45 -0.014637
38 46 0.0213841
38 47 -0.0031178
38 48 -0.0628248
38 49 0.0238462
38 50 0.0839807
38 51 -0.00675908
38 52 0.0677116
38 53 0.0968576
38 54 -0.0111727
38 55 -2.31825e-05
38 56 -0.00367188
38 57 -0.00590901
38 58 -0.000630349
38 59 0.00528182
38 60 -0.0396388
38 61 0.00413652
38 62 -0.00260545
38 63 0.000923245
38 64 -0.007953
38 65 -0.0197202
38 66 0.00142199
38 67 -0.00214276
38 68 -0.0124013
38 69 -0.0216144
38 70 -0.00747098
38 71 -0.000589916
38 72 -0.0163208
38 73 -0.000841491
38 74 0.000492301
38 75 0.00145748
38 76 -1.04374e-05
38 77 0.00167267
38 78 0.000457611
38 79 0.00046839
38 80 0.000150531
38 81 0.000194264
38 82 -0.000878003
38 83 -0.000177916
38 84 0.00073317
38 85 0.000227349
38 86 -0.000169967
38 87 -0.000302706
38 88 -6.20108e-05
38 89 -0.000383669
39 39 -0.972134
39 40 0.00384504
39 41 -0.00904274
39 42 0.0312072
39 43 0.0890905
39 44 -0.0428971
39 45 0.0668368
39 46 -0.0236912
39 47 -0.00178893
39 48 0.390762
39 49 -0.0527974
39 50 0.0266406
39 51 -0.00323445
39 52 0.28622
39 53 0.00408481
39 54 -0.00213671
39 55 -0.00278634
39 56 0.00278668
39 57 0.0315011
39 58 -0.00321645
39 59 -0.0367806
39 60 0.0896173
39 61 -0.0247348
39 62 -0.00544611
39 63 -0.00934001
39 64 0.00395999
39 65 -0.0598716
39 66 -0.00151337
39 67 0.00261436
39 68 -0.00684847
39 69 -0.0135475
39 70 -0.000628753
39 71 -0.000894536
39 72 -0.0314894
39 73 -0.00177389
39 74 0.000226829
39 75 0.0035008
39 76 0.000289006
39 77 0.00107385
39 78 0.000720186
39 79 0.000574937
39 80 0.000303252
39 81 0.000295352
39 82 -0.00122897
39 83 -0.00023552
39 84 0.00091681
39 85 0.000285011
39 86 -8.83662e-05
39 87 -0.00022762
39 88 -1.32898e-05
39 89 -0.000442496
40 40 -0.908647
40 41 0.498642
40 42 -0.0161832
40 43 -0.0091838
40 44 0.0265115
40 45 -0.0248754
40 46 0.0361523
40 47 -0.0461551
40 48 -0.00781595
40 49 -0.011076
40 50 0.0602072
40 51 0.230905
40 52 -0.0136768
40 53 -0.0958061
40 54 -0.0505412
40 55 0.0315702
40 56 -0.00307941
40 57 -0.00632678
40 58 -0.000543535
40 59 0.000639928
40 60 0.00406728
40 61 -0.00194488
40 62 -0.00193653
40 63 0.000210837
40 64 -0.014411
40 65 0.00802519
40 66 0.0049981
40 67 -0.00417627
40 68 -0.0371438
40 69 0.0099684
40 70 -0.0105429
40 71 0.00132469
40 72 0.00236322
40 73 0.000254009
40 74 -0.00108682
40 75 -0.000652159
40 76 0.000345167
40 77 0.000352179
40 78 0.000240358
40 79 0.000307025
40 80 0.00125573
40 81 0.000732543
40 82 -0.00191679
40 83 -0.000512525
40 84 0.0018303
40 85 0.000408487
40 86 -0.000391911
40 87 -0.0004578
40 88 2.78624e-05
40 89 -0.000551778
41 41 0.934632
41 42 -0.284701
41 43 0.029415
41 44 -0.0718038
41 45 -0.0395202
41 46 0.0306933
41 47 -0.273018
41 48 0.0306937
41 49 -0.00532331
41 50 -0.0351982
41 51 -0.186678
41 52 0.018128
41 53 0.0983483
41 54 -0.0929959
41 55 -0.0199072
41 56 -0.00383347
41 57 -0.00539941
41 58 0.0384978
41 59 -0.000816992
41 60 0.00138451
41 61 0.00275649
41 62 0.00238943
41 63 0.000471666
41 64 0.00975931
41 65 -0.00844922
41 66 0.0176684
41 67 0.00683252
41 68 0.0549008
41 69 -0.0101644
41 70 0.00538839
41 71 -0.00161358
41 72 -0.0013898
41 73 -0.00068213
41 74 0.000780305
41 75 0.00197999
41 76 -0.00111426
41 77 -0.000336873
41 78 -0.000792295
41 79 -0.00109107
41 80 -0.0018552
41 81 -0.00120214
41 82 0.00357754
41 83 0.000907065
41 84 -0.00321013
41 85 -0.000712474
41 86 0.000432092
41 87 0.000652997
41 88 -0.000175144
41 89 0.00093395
42 42 -0.857039
42 43 0.0306061
42 44 -0.0877785
42 45 0.0337623
42 46 0.138245
42 47 0.53293
42 48 0.101844
42 49 -0.00348613
42 50 -0.00547317
42 51 0.0294319
42 52 0.00798832
42 53 -0.00489742
42 54 -0.032059
42 55 0.00627842
42 56 -0.0159512
42 57 -0.0353865
42 58 -0.0859419
42 59 -0.0159657
42 60 0.000116154
42 61 -0.00234263
42 62 0.00258207
42 63 -0.00334217
42 64 -0.00304217
42 65 0.0017239
42 66 -0.0104299
42 67 0.00765824
42 68 -0.0198397
42 69 0.00846247
42 70 -0.00116712
42 71 0.000680667
42 72 -0.00104549
42 73 0.000693276
42 74 0.000786634
42 75 -0.00161992
42 76 0.00101869
42 77 -0.00285061
42 78 0.000560757
42 79 0.00038967
42 80 0.000549926
42 81 0.000372754
42 82 -0.00126485
42 83 -0.000296101
42 84 0.000983541
42 85 0.000188089
42 86 0.000151418
42 87 0.000114529
42 88 0.000262414
42 89 -0.000134791
43 43 0.698418
43 44 -0.731374
43 45 0.135385
43 46 -0.0163576
43 47 0.00912983
43 48 0.0230842
43 49 -0.0388743
43 50 -0.0565525
43 51 -0.0334851
43 52 -0.075822
43 53 -0.194336
43 54 0.0454938
43 55 0.0880473
43 56 0.00344923
43 57 0.00356442
43 58 0.00104143
43 59 0.000779992
43 60 0.0156061
43 61 0.0099346
43 62 0.0103644
43 63 0.00455786
43 64 0.016407
43 65 0.0016459
43 66 -0.0235595
43 67 0.0134065
43 68 0.0292147
43 69 0.0706491
43 70 0.00525054
43 71 -0.000149624
43 72 0.0123598
43 73 -0.00166445
43 74 -0.00407597
43 75 0.00504674
43 76 -0.000987947
43 77 0.0011875
43 78 -0.000116131
43 79 -0.00463633
43 80 0.0006542
43 81 -2.10565e-05
43 82 0.00142864
43 83 0.00046238
43 84 -0.0013108
43 85 -0.000212441
43 86 -0.000297771
43 87 0.000534064
43 88 -0.000477309
43 89 0.000250399
44 44 -0.736075
44 45 0.239403
44 46 0.0203387
44 47 -0.0855868
44 48 -0.172647
44 49 0.524433
44 50 0.0486282
44 51 0.127917
44 52 0.0392262
44 53 0.239189
44 54 -0.07649
44 55 0.112117
44 56 -0.00733067
44 57 0.00297261
44 58 0.0156084
44 59 0.0161454
44 60 -0.00242508
44 61 -0.0548849
44 62 -0.0129596
44 63 -0.00330934
44 64 -0.0197437
44 65 0.0108268
44 66 0.0423589
44 67 -0.0642007
44 68 -0.0444105
44 69 -0.127515
44 70 -0.00508109
44 71 0.000604371
44 72 -0.00626962
44 73 0.0021198
44 74 0.00423737
44 75 -0.00709097
44 76 0.00172952
44 77 -0.00252774
44 78 -0.000765099
44 79 0.00370456
44 80 -0.00105268
44 81 -0.000167063
44 82 -0.00103652
44 83 -0.0004598
44 84 0.00105736
44 85 8.56369e-05
44 86 0.000226033
44 87 -0.000397054
44 88 0.00057085
44 89 4.28921e-05
45 45 -0.877503
45 46 -0.0177031
45 47 0.0257906
45 48 0.123485
45 49 0.495808
45 50 -0.0245442
45 51 0.00345118
45 52 0.00022992
45 53 0.0176446
45 54 -0.00367302
45 55 -0.0313075
45 56 0.000601928
45 57 -0.007479
45 58 -0.00907161
45 59 -0.0206802
45 60 -0.0241483
45 61 -0.0656984
45 62 -0.00147185
45 63 -0.00055589
45 64 0.000869807
45 65 -0.00466209
45 66 0.00174478
45 67 -0.011395
45 68 -0.00753736
45 69 -0.0203886
45 70 0.000630081
45 71 3.32892e-05
45 72 -0.00235914
45 73 -5.19988e-05
45 74 -0.000100428
45 75 0.000346551
45 76 -0.000747725
45 77 7.95666e-05
45 78 -0.000315911
45 79 3.01645e-05
45 80 -0.000170386
45 81 -0.000154772
45 82 0.000628626
45 83 0.000123507
45 84 -0.000441446
45 85 -0.000100705
45 86 -7.36923e-05
45 87 -6.65564e-05
45 88 -9.42626e-05
45 89 9.69109e-05
46 46 0.979177
46 47 -0.384364
46 48 -0.00102107
46 49 -0.0144618
46 50 -0.0590953
46 51 -0.000206113
46 52 0.00278706
46 53 -0.00988267
46 54 0.0496175
46 55 0.00168326
46 56 -0.408406
46 57 -0.0814345
46 58 0.0122088
46 59 -0.0508201
46 60 0.0265738
46 61 -0.0284294
46 62 0.0930976
46 63 0.0304227
46 64 0.0268411
46 65 -0.00153652
46 66 0.0121416
46 67 0.0026869
46 68 0.0104754
46 69 0.00372729
46 70 0.0102331
46 71 8.9284e-05
46 72 -0.00208984
46 73 -0.000158204
46 74 0.000414492
46 75 -0.000102966
46 76 -0.000362773
46 77 0.000114742
46 78 -4.32191e-05
46 79 -0.000498967
46 80 0.000341222
46 81 0.000230645
46 82 -0.000669335
46 83 -0.000185094
46 84 0.000639563
46 85 0.000157542
46 86 -0.000321442
46 87 -0.000220053
46 88 -9.18182e-05
46 89 -0.000227961
47 47 0.77612
47 48 -0.117366
47 49 0.0652678
47 50 -0.00785382
47 51 -0.0286644
47 52 0.011287
47 53 0.038049
47 54 -0.324477
47 55 0.0202724
47 56 -0.154399
47 57 0.0132796
47 58 -0.0777386
47 59 -0.0126014
47 60 0.0105432
47 61 0.00184653
47 62 0.0595073
47 63 0.0146274
47 64 0.0123051
47 65 -0.00213491
47 66 0.0780468
47 67 -0.0176849
47 68 0.0591679
47 69 -0.0233821
47 70 0.00537562
47 71 -0.0010545
47 72 -0.00120712
47 73 -0.000110388
47 74 0.000853706
47 75 -2.10602e-05
47 76 -0.000490964
47 77 0.00158296
47 78 -0.00102879
47 79 -0.000437183
47 80 -0.00156351
47 81 -0.000931517
47 82 0.00260177
47 83 0.00060356
47 84 -0.00223479
47 85 -0.000522513
47 86 0.000229578
47 87 0.000295634
47 88 -0.000122578
47 89 0.000672542
48 48 0.897112
48 49 -0.249643
48 50 0.0312554
48 51 0.0192591
48 52 -0.0713957
48 53 0.0491646
48 54 -0.0570829
48 55 0.07764
48 56 0.0506147
48 57 -0.0380322
48 58 0.0120116
48 59 -0.426121
48 60 -0.0326985
48 61 -0.042502
48 62 -0.0178826
48 63 0.104291
48 64 -0.0133097
48 65 0.0454124
48 66 0.0285944
48 67 -0.0149005
48 68 0.00133139
48 69 -0.028383
48 70 -0.00304812
48 71 -0.000105739
48 72 0.0131631
48 73 0.000595672
48 74 0.000874549
48 75 -0.00215803
48 76 0.000220582
48 77 0.000756022
48 78 -0.000762769
48 79 0.000437463
48 80 -0.000814229
48 81 -0.000384371
48 82 0.000767834
48 83 9.91626e-05
48 84 -0.000527779
48 85 -0.000171984
48 86 1.76159e-05
48 87 -7.90856e-05
48 88 5.17996e-05
48 89 0.00025015
49 49 0.65906
49 50 -0.0337662
49 51 -0.0509548
49 52 -0.0318413
49 53 -0.141874
49 54 0.0848063
49 55 -0.350301
49 56 0.0306789
49 57 -0.00477544
49 58 -0.0127732
49 59 -0.119998
49 60 0.0333997
49 61 -0.0789769
49 62 0.0020043
49 63 0.058282
49 64 0.0161964
49 65 -0.00153115
49 66 -0.0500663
49 67 0.121274
49 68 0.0464266
49 69 0.143108
49 70 0.00305117
49 71 -0.00191726
49 72 0.008035
49 73 -0.00288708
49 74 -0.00338926
49 75 0.00785605
49 76 -0.00239646
49 77 0.00171366
49 78 -0.000157885
49 79 -0.00663128
49 80 -0.000164064
49 81 -0.000552035
49 82 0.00303949
49 83 0.000949521
49 84 -0.00287209
49 85 -0.000481024
49 86 -0.000349499
49 87 0.00085254
49 88 -0.000805716
49 89 0.000533102
50 50 -1.01351
50 51 0.371316
50 52 -0.051895
50 53 0.103676
50 54 -0.112615
50 55 0.039433
50 56 -0.00867261
50 57 0.342183
50 58 0.000192672
50 59 0.00510403
50 60 -0.0760599
50 61 -0.00394248
50 62 -0.00966334
50 63 -0.00296467
50 64 -0.0496157
50 65 -0.0227737
50 66 -0.000136107
50 67 -0.0189584
50 68 0.092237
50 69 0.0223678
50 70 0.339696
50 71 -0.0570096
50 72 0.00884847
50 73 0.0205301
50 74 0.0229117
50 75 -0.00833564
50 76 -0.0155321
50 77 0.00220053
50 78 -0.000207257
50 79 0.00266852
50 80 -0.00703642
50 81 -0.00120244
50 82 -0.00369381
50 83 -0.000695423
50 84 0.00374269
50 85 0.000919554
50 86 -0.000594795
50 87 -0.000937338
50 88 0.000212315
50 89 -0.00145664
51 51 -0.848364
51 52 -0.0664987
51 53 0.0513701
51 54 0.327593
51 55 0.124516
51 56 0.00104863
51 57 0.121469
51 58 -0.0337391
51 59 0.00180403
51 60 -0.0333715
51 61 -0.0197826
51 62 -0.00519431
51 63 -0.00307438
51 64 -0.0587168
51 65 -0.00152804
51 66 -0.0581587
51 67 -0.0315026
51 68 0.410464
51 69 -0.0668082
51 70 0.0989581
51 71 -0.042977
51 72 0.00461913
51 73 0.0123599
51 74 0.00804765
51 75 -0.00667328
51 76 -0.0273809
51 77 -0.00170263
51 78 0.00328286
51 79 -6.47544e-05
51 80 -0.00112924
51 81 0.000601284
51 82 -0.00462425
51 83 -0.00112886
51 84 0.00441482
51 85 0.000948166
51 86 -0.000725396
51 87 -0.000625073
51 88 0.000367061
51 89 -0.00115794
52 52 -0.970045
52 53 0.274147
52 54 0.0343607
52 55 -0.149226
52 56 -0.0167756
52 57 0.0220779
52 58 -0.000882067
52 59 -0.00143364
52 60 0.390788
52 61 0.00730424
52 62 0.0104728
52 63 0.00966953
52 64 0.0294359
52 65 -0.0429138
52 66 -0.015664
52 67 0.00115543
52 68 0.0345789
52 69 0.0577514
52 70 -0.0425746
52 71 -0.000888225
52 72 0.364732
52 73 -0.0750461
52 74 -0.0250698
52 75 0.0291896
52 76 -0.00189652
52 77 -0.00187443
52 78 -0.0166368
52 79 0.00014966
52 80 -0.00317743
52 81 -0.00278278
52 82 0.00967164
52 83 0.00256038
52 84 -0.0087781
52 85 -0.00193105
52 86 0.00172118
52 87 0.00164547
52 88 -0.000413439
52 89 0.00239411
53 53 0.842511
53 54 0.0237084
53 55 -0.490599
53 56 0.0155066
53 57 -0.0449723
53 58 -0.0046116
53 59 -4.37326e-05
53 60 -0.0821716
53 61 0.0361693
53 62 0.00488802
53 63 0.00520986
53 64 0.0188363
53 65 0.028725
53 66 -0.0162044
53 67 0.117058
53 68 -0.0484783
53 69 -0.376501
53 70 -0.0197605
53 71 0.0137226
53 72 -0.0816178
53 73 0.0402632
53 74 0.00127584
53 75 -0.000871755
53 76 0.00533112
53 77 0.0029708
53 78 0.0352869
53 79 -0.00147597
53 80 0.00342101
53 81 0.00152499
53 82 -0.00267067
53 83 -0.000537031
53 84 0.00215869
53 85 0.000619708
53 86 -0.000435125
53 87 -0.000247755
53 88 -0.000238885
53 89 -0.000920688
54 54 -0.871726
54 55 -0.159102
54 56 0.00763122
54 57 -0.00348946
54 58 0.417768
54 59 0.0203817
54 60 0.0165978
54 61 -0.00550175
54 62 -0.0237787
54 63 -0.0375763
54 64 -0.00386245
54 65 -0.0138889
54 66 2.37786e-05
54 67 0.0887287
54 68 0.415431
54 69 0.0199697
54 70 -0.0287368
54 71 -0.0328656
54 72 0.0150157
54 73 0.0017289
54 74 0.000557974
54 75 0.00676079
54 76 -0.0266912
54 77 0.0379995
54 78 0.0118901
54 79 -0.00671698
54 80 -0.0028643
54 81 -0.00218239
54 82 0.00807506
54 83 0.00167061
54 84 -0.00624489
54 85 -0.00126788
54 86 -0.00416514
54 87 0.0013543
54 88 -0.00236271
54 89 0.00207539
55 55 -0.707906
55 56 -0.0349922
55 57 0.0731587
55 58 -0.0578232
55 59 -0.0257915
55 60 -0.0564515
55 61 0.47464
55 62 0.0141506
55 63 0.020949
55 64 -0.0574431
55 65 0.022145
55 66 0.0453619
55 67 -0.195045
55 68 -0.00290597
55 69 0.478453
55 70 0.0536264
55 71 -0.00796049
55 72 -0.0458909
55 73 -0.0381014
55 74 0.00397429
55 75 -0.0194172
55 76 -0.00455598
55 77 -0.0299951
55 78 -0.0465693
55 79 0.0758464
55 80 0.00752702
55 81 0.00648102
55 82 -0.0240594
55 83 -0.00599304
55 84 0.0210312
55 85 0.00457305
55 86 -0.0026652
55 87 -0.0028574
55 88 0.00192
55 89 -0.00531783
56 56 0.916181
56 57 -0.375846
56 58 -0.451011
56 59 -0.0207016
56 60 -0.054319
56 61 0.069731
56 62 -0.053317
56 63 -0.145729
56 64 0.0346296
56 65 0.0543575
56 66 0.0535312
56 67 0.0337631
56 68 0.0098416
56 69 0.0189988
56 70 0.00995893
56 71 0.000496309
56 72 0.00433698
56 73 -0.00236261
56 74 -0.00150379
56 75 -0.00213309
56 76 -0.000147156
56 77 -0.00251694
56 78 -0.00309762
56 79 0.00193662
56 80 0.000762766
56 81 0.000411969
56 82 -0.000933679
56 83 -0.000272226
56 84 0.000940036
56 85 0.000153659
56 86 -0.000192761
56 87 -3.12924e-05
56 88 8.4755e-05
56 89 -0.000117521
57 57 0.84824
57 58 -0.10863
57 59 0.0429932
57 60 0.0139137
57 61 -0.0424235
57 62 -0.285578
57 63 -0.0161741
57 64 -0.265884
57 65 -0.0513872
57 66 0.0570861
57 67 0.0620217
57 68 -0.0694881
57 69 -0.039416
57 70 -0.101718
57 71 0.0271589
57 72 0.0059364
57 73 -0.0064398
57 74 -0.00135691
57 75 0.0420411
57 76 0.00977565
57 77 -0.0111696
57 78 0.00553515
57 79 -0.011616
57 80 -0.00194731
57 81 -0.00217629
57 82 0.00768624
57 83 0.00205621
57 84 -0.0066528
57 85 -0.00159517
57 86 0.00083068
57 87 0.00194567
57 88 -0.000143316
57 89 0.00240124
58 58 0.816378
58 59 -0.0734083
58 60 -0.00861133
58 61 0.0758639
58 62 -0.387804
58 63 -0.0550784
58 64 0.0177801
58 65 0.0686278
58 66 -0.234417
58 67 -0.0953187
58 68 -0.154045
58 69 0.0376483
58 70 0.0117499
58 71 0.0216243
58 72 -0.00590838
58 73 -0.00217254
58 74 -0.00794537
58 75 -0.00426936
58 76 0.0135701
58 77 0.0032137
58 78 0.00614848
58 79 0.0512651
58 80 0.00327326
58 81 0.00203104
58 82 -0.00524926
58 83 -0.00162203
58 84 0.00543806
58 85 0.00117365
58 86 -0.00455895
58 87 -0.00026466
58 88 -0.00099735
58 89 -0.000891787
59 59 -0.898703
59 60 0.487633
59 61 0.318327
59 62 -0.11077
59 63 0.0515277
59 64 0.0162551
59 65 -0.0545494
59 66 0.0490902
59 67 -0.0185114
59 68 0.0119238
59 69 -0.0256086
59 70 -0.00595919
59 71 -0.00139391
59 72 -0.00407031
59 73 0.000788269
59 74 0.00126424
59 75 0.00419236
59 76 -0.00120049
59 77 -0.00396936
59 78 0.00169147
59 79 -0.00882322
59 80 -0.000536174
59 81 -0.00052165
59 82 0.00182071
59 83 0.000488842
59 84 -0.00174677
59 85 -0.000409387
59 86 0.000449465
59 87 0.000650316
59 88 6.34883e-05
59 89 0.000641745
60 60 0.8048
60 61 -0.0729983
60 62 -0.00644319
60 63 -0.311707
60 64 0.0209106
60 65 -0.25558
60 66 -0.0111483
60 67 0.0407332
60 68 -0.0134137
60 69 -0.0093563
60 70 0.0396527
60 71 -0.0159992
60 72 -0.129063
60 73 0.0112803
60 74 -0.0256149
60 75 0.0130856
60 76 -0.000167555
60 77 0.00328638
60 78 0.00691908
60 79 0.012596
60 80 0.00578964
60 81 0.00310869
60 82 -0.00839041
60 83 -0.00230303
60 84 0.00737345
60 85 0.00164296
60 86 -0.00125563
60 87 -0.00184506
60 88 0.000432821
60 89 -0.00205765
61 61 0.788552
61 62 0.045326
61 63 -0.341672
61 64 -0.0101722
61 65 0.0127305
61 66 0.0155391
61 67 -0.187186
61 68 0.0198886
61 69 -0.234127
61 70 -0.0265832
61 71 7.4666e-05
61 72 0.0164235
61 73 0.0216293
61 74 0.000627145
61 75 0.0142521
61 76 -0.0125466
61 77 -0.0235144
61 78 0.0275449
61 79 -0.026613
61 80 -0.00420606
61 81 -0.00348302
61 82 0.0122589
61 83 0.00314869
61 84 -0.0111108
61 85 -0.00239379
61 86 0.00212747
61 87 0.00158424
61 88 -0.000709879
61 89 0.00275746
62 62 1.41433
62 63 0.00612315
62 64 -0.373983
62 65 -0.109872
62 66 -0.412582
62 67 -0.0661042
62 68 -0.0392994
62 69 0.0233355
62 70 0.0270242
62 71 0.0190116
62 72 0.022544
62 73 0.0307187
62 74 0.0272796
62 75 0.0258203
62 76 0.0153003
62 77 0.0594372
62 78 0.0258057
62 79 0.0413939
62 80 -0.0116158
62 81 -0.00351418
62 82 0.00336479
62 83 0.000321927
62 84 0.000317559
62 85 0.000111844
62 86 -0.0135884
62 87 0.00174361
62 88 -0.00483353
62 89 0.0013712
63 63 1.40641
63 64 0.0980268
63 65 -0.382384
63 66 0.0729322
63 67 -0.370149
63 68 -0.0142005
63 69 -0.0668798
63 70 -0.011717
63 71 -0.0205535
63 72 0.00315573
63 73 -0.018197
63 74 -0.0421141
63 75 0.0563968
63 76 -0.0292422
63 77 -0.041237
63 78 0.0208666
63 79 0.076553
63 80 -0.00247067
63 81 -0.000999881
63 82 0.000418732
63 83 0.000163744
63 84 -0.000692599
63 85 0.000170223
63 86 -0.00142354
63 87 -0.00129709
63 88 -0.000937963
63 89 -0.000622679
64 64 1.29784
64 65 0.00105706
64 66 -0.028978
64 67 -0.0107558
64 68 0.0915416
64 69 0.0281622
64 70 -0.287693
64 71 -0.0338844
64 72 -0.0217187
64 73 -0.0189119
64 74 -0.224183
64 75 -0.0309884
64 76 0.0291014
64 77 0.00498895
64 78 -0.000321243
64 79 -0.0013437
64 80 0.11152
64 81 0.012106
64 82 -0.00948825
64 83 -0.00859445
64 84 0.00428787
64 85 0.000458162
64 86 -0.00508418
64 87 0.00242964
64 88 -0.00113642
64 89 -5.28209e-05
65 65 -1.28726
65 66 -0.00486084
65 67 0.0090439
65 68 -0.0154522
65 69 -0.0649588
65 70 -0.00840804
65 71 -0.0244405
65 72 0.295756
65 73 0.0894797
65 74 -0.0253486
65 75 0.18061
65 76 0.00410852
65 77 0.00470698
65 78 -0.0319485
65 79 -0.0242281
65 80 0.00483668
65 81 -0.1189
65 82 0.00256822
65 83 -0.0118007
65 84 -0.00119583
65 85 -0.000452346
65 86 0.00121745
65 87 -0.000521973
65 88 0.000422176
65 89 0.00029627
66 66 -1.30451
66 67 0.0108203
66 68 0.129033
66 69 0.037925
66 70 -0.0305193
66 71 -0.0498664
66 72 -0.0122863
66 73 -0.0140201
66 74 0.00363717
66 75 0.00190326
66 76 0.0852417
66 77 0.322784
66 78 -0.0250014
66 79 0.0318531
66 80 -0.000603139
66 81 0.00163652
66 82 -0.0171498
66 83 0.00456819
66 84 -0.00836884
66 85 0.00226643
66 86 -0.125724
66 87 0.0064843
66 88 -0.00233113
66 89 0.010166
67 67 -1.2887
67 68 -0.0165999
67 69 0.0526066
67 70 -0.0152797
67 71 0.00323659
67 72 -0.0209314
67 73 -0.0384771
67 74 0.00970845
67 75 -0.0106539
67 76 -0.0116315
67 77 -0.0402879
67 78 0.185593
67 79 0.356268
67 80 -0.000353519
67 81 -0.00135919
67 82 -0.00050189
67 83 -0.0182791
67 84 -0.00604449
67 85 -0.00901263
67 86 0.020877
67 87 -0.00200802
67 88 -0.164167
67 89 -0.00803911
68 68 -0.889481
68 69 -0.0116153
68 70 0.403134
68 71 0.192213
68 72 0.0223391
68 73 -0.0131116
68 74 -0.0381345
68 75 -0.00672789
68 76 0.283494
68 77 0.0285298
68 78 -0.0027297
68 79 -0.00269574
68 80 -0.0123462
68 81 0.00346101
68 82 -0.0397929
68 83 0.00682124
68 84 -0.018026
68 85 0.00122112
68 86 -0.0315126
68 87 -0.0140272
68 88 0.00405505
68 89 0.00466634
69 69 -0.851001
69 70 0.0644648
69 71 -0.0144463
69 72 0.326087
69 73 0.227986
69 74 -0.00152243
69 75 -0.0455927
69 76 -0.0068936
69 77 -0.00278447
69 78 0.309449
69 79 0.04579
69 80 0.00575206
69 81 -0.00380898
69 82 -0.0201755
69 83 -0.0579687
69 84 0.0131625
69 85 -0.00861823
69 86 -0.00453538
69 87 -0.00614142
69 88 -0.0172902
69 89 -0.0169259
70 70 -0.820687
70 71 0.497522
70 72 0.00981873
70 73 0.00658405
70 74 0.025853
70 75 -0.00680926
70 76 0.0589241
70 77 0.00105538
70 78 0.0157828
70 79 0.00500639
70 80 -0.0632327
70 81 0.000508184
70 82 -0.043938
70 83 0.00397945
70 84 -0.00755394
70 85 0.00110083
70 86 -0.0106476
70 87 -0.00886226
70 88 0.00441005
70 89 -0.000492591
71 71 0.945143
71 72 -0.00608712
71 73 0.0271972
71 74 -0.318381
71 75 -0.121077
71 76 -0.394999
71 77 0.0360184
71 78 0.00369721
71 79 0.00150892
71 80 -0.0666627
71 81 0.11555
71 82 -0.0903566
71 83 -0.0600037
71 84 0.024602
71 85 0.013934
71 86 0.0193111
71 87 0.0161156
71 88 -0.00391702
71 89 -0.00225143
72 72 0.830863
72 73 -0.49771
72 74 0.000645861
72 75 -0.0265749
72 76 -0.00874758
72 77 0.000236869
72 78 -0.033743
72 79 0.00468523
72 80 0.00359501
72 81 0.0602842
72 82 0.00266042
72 83 0.0455265
72 84 0.00243035
72 85 0.00519872
72 86 -8.53091e-05
72 87 0.00209225
72 88 0.00282453
72 89 0.00429349
73 73 -0.969561
73 74 0.0513325
73 75 0.0795567
73 76 -0.0187921
73 77 0.0035571
73 78 0.475977
73 79 -0.0349502
73 80 0.065933
73 81 0.0607085
73 82 -0.0712047
73 83 0.1473
73 84 -0.00522494
73 85 -0.00419133
73 86 -0.00241533
73 87 -0.00876511
73 88 -0.00779827
73 89 -0.0175936
74 74 1.31245
74 75 0.0748285
74 76 -0.0689067
74 77 0.00566697
74 78 -0.0216584
74 79 -0.00131339
74 80 -0.357217
74 81 0.00634779
74 82 0.0708636
74 83 -0.0647888
74 84 -0.0108612
74 85 0.00976169
74 86 0.00336914
74 87 0.00370882
74 88 0.000708211
74 89 0.000374847
75 75 -1.17464
75 76 0.0322621
75 77 -0.00130871
75 78 0.00238711
75 79 -0.00917286
75 80 0.0422182
75 81 0.341276
75 82 -0.0474819
75 83 -0.134926
75 84 0.0104255
75 85 -0.00456298
75 86 -0.00232694
75 87 -0.00202993
75 88 0.00157086
75 89 -0.000411522
76 76 0.941396
76 77 -0.375787
76 78 0.00181697
76 79 -0.0818761
76 80 -0.0444206
76 81 0.0423045
76 82 -0.100054
76 83 0.0025378
76 84 -0.0689592
76 85 -0.062672
76 86 0.0814587
76 87 -0.189185
76 88 -0.0197246
76 89 0.140846
77 77 1.33315
77 78 -0.03366
77 79 0.0284386
77 80 -0.00621058
77 81 0.00809109
77 82 -0.00950943
77 83 -0.00151869
77 84 -0.0304323
77 85 -0.0261193
77 86 -0.296754
77 87 0.0295425
77 88 -0.02223
77 89 0.0402312
78 78 0.916371
78 79 -0.200082
78 80 -0.0390452
78 81 -0.0979319
78 82 0.0452131
78 83 -0.101675
78 84 0.101826
78 85 0.0400225
78 86 -0.00171458
78 87 -0.0919981
78 88 0.126678
78 89 -0.359257
79 79 1.29453
79 80 -0.00542513
79 81 -0.0102326
79 82 -0.000687063
79 83 0.00557065
79 84 0.0122654
79 85 0.0095786
79 86 0.0507895
79 87 -0.0459904
79 88 -0.360554
79 89 0.0804712
80 80 -1.34338
80 81 0.000808866
80 82 0.488006
80 83 -0.0734445
80 84 -0.0963895
80 85 0.00930133
80 86 -0.00390747
80 87 0.0286107
80 88 -0.00152389
80 89 -0.00247431
81 81 1.31825
81 82 -0.0593277
81 83 -0.470494
81 84 0.00461747
81 85 0.127108
81 86 -0.000441059
81 87 0.00347909
81 88 0.0078702
81 89 -0.030101
82 82 1.31552
82 83 -0.020591
82 84 -0.343503
82 85 0.0185716
82 86 -0.00585843
82 87 0.0982574
82 88 -0.0173273
82 89 0.028137
83 83 1.22908
83 84 0.0221119
83 85 -0.260639
83 86 0.00626574
83 87 -0.0116228
83 88 0.0201763
83 89 0.0886206
84 84 -1.32897
84 85 0.0480147
84 86 -0.124387
84 87 0.466961
84 88 -0.0327747
84 89 0.0395751
85 85 1.2702
85 86 -0.0451942
85 87 0.107473
85 88 0.130752
85 89 -0.520519
86 86 -1.29365
86 87 0.488469
86 88 -0.0471171
86 89 0.0386723
87 87 1.33375
87 88 -0.0271837
87 89 0.00422853
88 88 1.25947
88 89 -0.447875
89 89 1.3299
